#DataThief /data/Documents/CU Boulder/Year 1 2014-2015/ASEN 6037 Turbulence/Project_02/data/YuGirimaji_Fig25.png Friday 8-May-2015 12:42:11 AM
0.0961, -3.0819e-3
0.0961, -3.1758e-3
0.0961, -3.2698e-3
0.0961, -3.3637e-3
0.101, -3.4575e-3
0.101, -3.5514e-3
0.101, -3.6454e-3
0.101, -3.7393e-3
0.101, -3.8332e-3
0.101, -3.9272e-3
0.1059, -4.021e-3
0.1059, -4.1149e-3
0.106, -4.2089e-3
0.106, -4.3028e-3
0.106, -4.3967e-3
0.106, -4.4907e-3
0.1109, -4.5845e-3
0.1109, -4.6784e-3
0.1109, -4.7723e-3
0.1109, -4.8663e-3
0.1109, -4.9602e-3
0.1109, -5.0541e-3
0.1158, -5.148e-3
0.1158, -5.2419e-3
0.1158, -5.3358e-3
0.1158, -5.4298e-3
0.1158, -5.5237e-3
0.1158, -5.6176e-3
0.1207, -5.7115e-3
0.1207, -5.8054e-3
0.1207, -5.8993e-3
0.1207, -5.9933e-3
0.1207, -6.0872e-3
0.1207, -6.1811e-3
0.1256, -6.2749e-3
0.1256, -6.3689e-3
0.1256, -6.4628e-3
0.1256, -6.5567e-3
0.1256, -6.6507e-3
0.1256, -6.7446e-3
0.1305, -6.8384e-3
0.1305, -6.9324e-3
0.1305, -7.0263e-3
0.1305, -7.1202e-3
0.1305, -7.2142e-3
0.1305, -7.3081e-3
0.1354, -7.4019e-3
0.1354, -7.4958e-3
0.1355, -7.5898e-3
0.1355, -7.6837e-3
0.1355, -7.7776e-3
0.1355, -7.8716e-3
0.1355, -7.9655e-3
0.1355, -8.0594e-3
0.1355, -8.1534e-3
0.1355, -8.2473e-3
0.1355, -8.3412e-3
0.1355, -8.4352e-3
0.1404, -8.529e-3
0.1404, -8.6229e-3
0.1404, -8.7169e-3
0.1404, -8.8108e-3
0.1404, -8.9047e-3
0.1404, -8.9987e-3
0.1453, -9.0925e-3
0.1453, -9.1864e-3
0.1453, -9.2803e-3
0.1453, -9.3743e-3
0.1453, -9.4682e-3
0.1453, -9.5621e-3
0.1502, -9.656e-3
0.1502, -9.7499e-3
0.1502, -9.8438e-3
0.1502, -9.9378e-3
0.1502, -0.01
0.1502, -0.0101
0.1502, -0.0102
0.1502, -0.0103
0.1502, -0.0104
0.1502, -0.0105
0.1502, -0.0106
0.1502, -0.0107
0.1551, -0.0108
0.1551, -0.0109
0.1551, -0.011
0.1551, -0.0111
0.1551, -0.0112
0.1551, -0.0113
0.1601, -0.0113
0.1601, -0.0114
0.1601, -0.0115
0.1601, -0.0116
0.1601, -0.0117
0.1601, -0.0118
0.165, -0.0119
0.165, -0.012
0.165, -0.0121
0.165, -0.0122
0.165, -0.0123
0.165, -0.0124
0.1699, -0.0125
0.1699, -0.0126
0.1699, -0.0127
0.1699, -0.0128
0.1699, -0.0128
0.1699, -0.0129
0.1748, -0.013
0.1748, -0.0131
0.1748, -0.0132
0.1748, -0.0133
0.1748, -0.0134
0.1748, -0.0135
0.1797, -0.0136
0.1797, -0.0137
0.1797, -0.0138
0.1797, -0.0139
0.1797, -0.014
0.1797, -0.0141
0.1846, -0.0142
0.1846, -0.0143
0.1846, -0.0144
0.1846, -0.0144
0.1846, -0.0145
0.1846, -0.0146
0.1846, -0.0147
0.1846, -0.0148
0.1846, -0.0149
0.1847, -0.015
0.1847, -0.0151
0.1847, -0.0152
0.1896, -0.0153
0.1896, -0.0154
0.1896, -0.0155
0.1896, -0.0156
0.1896, -0.0157
0.1896, -0.0158
0.1945, -0.0159
0.1945, -0.0159
0.1945, -0.016
0.1945, -0.0161
0.1945, -0.0162
0.1945, -0.0163
0.1994, -0.0164
0.1994, -0.0165
0.1994, -0.0166
0.1994, -0.0167
0.1994, -0.0168
0.1994, -0.0169
0.2043, -0.017
0.2043, -0.0171
0.2043, -0.0172
0.2043, -0.0173
0.2043, -0.0174
0.2043, -0.0175
0.2092, -0.0175
0.2092, -0.0176
0.2092, -0.0177
0.2092, -0.0178
0.2092, -0.0179
0.2092, -0.018
0.2141, -0.0181
0.2141, -0.0182
0.2141, -0.0183
0.2142, -0.0184
0.2142, -0.0185
0.2142, -0.0186
0.2191, -0.0187
0.2191, -0.0188
0.2191, -0.0189
0.2191, -0.019
0.2191, -0.019
0.2191, -0.0191
0.224, -0.0192
0.224, -0.0193
0.224, -0.0194
0.224, -0.0195
0.224, -0.0196
0.224, -0.0197
0.2288, -0.0198
0.2288, -0.0199
0.2288, -0.02
0.2288, -0.0201
0.2288, -0.0202
0.2288, -0.0203
0.2288, -0.0204
0.2288, -0.0205
0.2288, -0.0206
0.2288, -0.0206
0.2288, -0.0207
0.2288, -0.0208
0.2338, -0.0209
0.2338, -0.021
0.2338, -0.0211
0.2338, -0.0212
0.2387, -0.0213
0.2387, -0.0214
0.2387, -0.0215
0.2436, -0.0216
0.2436, -0.0217
0.2436, -0.0218
0.2486, -0.0219
0.2486, -0.022
0.2486, -0.0221
0.2535, -0.0221
0.2535, -0.0222
0.2535, -0.0223
0.2535, -0.0224
0.2535, -0.0225
0.2584, -0.0226
0.2584, -0.0227
0.2584, -0.0228
0.2584, -0.0229
0.2633, -0.023
0.2633, -0.0231
0.2633, -0.0232
0.2682, -0.0233
0.2682, -0.0234
0.2682, -0.0235
0.2731, -0.0236
0.2731, -0.0236
0.2731, -0.0237
0.278, -0.0238
0.278, -0.0239
0.2829, -0.024
0.2829, -0.0241
0.2829, -0.0242
0.2878, -0.0243
0.2878, -0.0244
0.2928, -0.0245
0.2977, -0.0245
0.3026, -0.0246
0.3075, -0.0247
0.3124, -0.0247
0.3173, -0.0246
0.3222, -0.0246
0.3222, -0.0245
0.3271, -0.0245
0.332, -0.0244
0.3369, -0.0243
0.3418, -0.0242
0.3467, -0.0241
0.3467, -0.024
0.3467, -0.0239
0.3467, -0.0238
0.3516, -0.0237
0.3516, -0.0236
0.3516, -0.0236
0.3516, -0.0235
0.3516, -0.0234
0.3516, -0.0233
0.3565, -0.0232
0.3565, -0.0231
0.3565, -0.023
0.3565, -0.0229
0.3614, -0.0228
0.3614, -0.0227
0.3614, -0.0226
0.3663, -0.0225
0.3663, -0.0224
0.3663, -0.0223
0.3712, -0.0222
0.3712, -0.0221
0.3712, -0.022
0.3761, -0.022
0.3761, -0.0219
0.3761, -0.0218
0.3761, -0.0217
0.3761, -0.0216
0.381, -0.0215
0.381, -0.0214
0.381, -0.0213
0.381, -0.0212
0.3859, -0.0211
0.3859, -0.021
0.3859, -0.0209
0.3908, -0.0208
0.3908, -0.0207
0.3908, -0.0206
0.3908, -0.0205
0.3908, -0.0205
0.3957, -0.0204
0.3957, -0.0203
0.3957, -0.0202
0.3957, -0.0201
0.3957, -0.02
0.3957, -0.0199
0.4006, -0.0198
0.4006, -0.0197
0.4006, -0.0196
0.4006, -0.0195
0.4006, -0.0194
0.4006, -0.0193
0.4055, -0.0192
0.4055, -0.0191
0.4055, -0.019
0.4055, -0.0189
0.4055, -0.0189
0.4055, -0.0188
0.4104, -0.0187
0.4104, -0.0186
0.4104, -0.0185
0.4102, -0.0184
0.4102, -0.0183
0.4102, -0.0182
0.4152, -0.0181
0.4152, -0.018
0.4152, -0.0179
0.4152, -0.0178
0.4152, -0.0177
0.4152, -0.0176
0.4201, -0.0175
0.4201, -0.0174
0.4201, -0.0174
0.4201, -0.0173
0.4201, -0.0172
0.4201, -0.0171
0.425, -0.017
0.425, -0.0169
0.425, -0.0168
0.425, -0.0167
0.425, -0.0166
0.425, -0.0165
0.4299, -0.0164
0.4299, -0.0163
0.4299, -0.0162
0.4299, -0.0161
0.4299, -0.016
0.4299, -0.0159
0.4299, -0.0158
0.4299, -0.0158
0.4299, -0.0157
0.4299, -0.0156
0.4299, -0.0155
0.4299, -0.0154
0.4348, -0.0153
0.4348, -0.0152
0.4348, -0.0151
0.4348, -0.015
0.4348, -0.0149
0.4348, -0.0148
0.4397, -0.0147
0.4397, -0.0146
0.4397, -0.0145
0.4397, -0.0144
0.4397, -0.0143
0.4397, -0.0143
0.4445, -0.0142
0.4445, -0.0141
0.4445, -0.014
0.4445, -0.0139
0.4445, -0.0138
0.4445, -0.0137
0.4495, -0.0136
0.4495, -0.0135
0.4495, -0.0134
0.4495, -0.0133
0.4495, -0.0132
0.4495, -0.0131
0.4544, -0.013
0.4544, -0.0129
0.4544, -0.0128
0.4544, -0.0127
0.4544, -0.0127
0.4544, -0.0126
0.4593, -0.0125
0.4593, -0.0124
0.4593, -0.0123
0.4593, -0.0122
0.4593, -0.0121
0.4593, -0.012
0.4642, -0.0119
0.4642, -0.0118
0.4642, -0.0117
0.4642, -0.0116
0.4642, -0.0115
0.4642, -0.0114
0.4642, -0.0113
0.4642, -0.0112
0.4642, -0.0112
0.4642, -0.0111
0.4642, -0.011
0.4642, -0.0109
0.4691, -0.0108
0.4691, -0.0107
0.4689, -0.0106
0.4689, -0.0105
0.4689, -0.0104
0.4689, -0.0103
0.4739, -0.0102
0.4739, -0.0101
0.4739, -0.01
0.4739, -9.9302e-3
0.4739, -9.8362e-3
0.4739, -9.7423e-3
0.4788, -9.6482e-3
0.4788, -9.5543e-3
0.4788, -9.4604e-3
0.4788, -9.3664e-3
0.4788, -9.2725e-3
0.4788, -9.1786e-3
0.4837, -9.0845e-3
0.4837, -8.9906e-3
0.4837, -8.8967e-3
0.4837, -8.8027e-3
0.4837, -8.7088e-3
0.4837, -8.6149e-3
0.4886, -8.5208e-3
0.4886, -8.4269e-3
0.4886, -8.3329e-3
0.4886, -8.239e-3
0.4886, -8.1451e-3
0.4886, -8.0511e-3
0.4935, -7.9571e-3
0.4935, -7.8632e-3
0.4935, -7.7692e-3
0.4935, -7.6753e-3
0.4935, -7.5814e-3
0.4935, -7.4874e-3
0.4935, -7.3935e-3
0.4935, -7.2996e-3
0.4935, -7.2056e-3
0.4935, -7.1117e-3
0.4935, -7.0178e-3
0.4935, -6.9238e-3
0.4984, -6.8298e-3
0.4984, -6.7358e-3
0.4984, -6.6419e-3
0.4984, -6.548e-3
0.4984, -6.454e-3
0.4984, -6.3601e-3
0.5032, -6.2661e-3
0.5032, -6.1721e-3
0.5032, -6.0782e-3
0.5032, -5.9843e-3
0.5032, -5.8903e-3
0.5032, -5.7964e-3
0.5082, -5.7024e-3
0.5082, -5.6084e-3
0.5082, -5.5145e-3
0.5082, -5.4206e-3
0.5082, -5.3266e-3
0.5082, -5.2327e-3
0.5131, -5.1386e-3
0.5131, -5.0447e-3
0.5131, -4.9508e-3
0.5131, -4.8568e-3
0.5131, -4.7629e-3
0.5131, -4.669e-3
0.518, -4.5749e-3
0.518, -4.481e-3
0.518, -4.3871e-3
0.518, -4.2931e-3
0.518, -4.1992e-3
0.518, -4.1053e-3
0.5229, -4.0112e-3
0.5229, -3.9173e-3
0.5229, -3.8233e-3
0.5229, -3.7294e-3
0.5229, -3.6355e-3
0.5229, -3.5415e-3
0.5278, -3.4475e-3
0.5278, -3.3536e-3
0.5278, -3.2596e-3
0.5278, -3.1657e-3
0.5278, -3.0718e-3
0.5278, -2.9778e-3
0.5327, -2.8838e-3
0.5327, -2.7898e-3
0.5327, -2.6959e-3
0.5327, -2.602e-3
0.5326, -2.508e-3
0.5326, -2.4141e-3
0.5375, -2.3201e-3
0.5375, -2.2261e-3
0.5375, -2.1322e-3
0.5375, -2.0383e-3
0.5375, -1.9443e-3
0.5375, -1.8504e-3
0.5424, -1.7563e-3
0.5424, -1.6624e-3
0.5424, -1.5685e-3
0.5424, -1.4745e-3
0.5424, -1.3806e-3
0.5424, -1.2867e-3
0.5473, -1.1926e-3
0.5473, -1.0987e-3
0.5473, -1.0048e-3
0.5473, -9.1083e-4
0.5522, -8.1678e-4
0.5522, -7.2284e-4
0.5522, -6.2891e-4
0.5571, -5.3486e-4
0.5571, -4.4093e-4
0.5571, -3.47e-4
0.5571, -2.5306e-4
0.5571, -1.5913e-4
0.562, -6.508e-5
0.562, 2.8854e-5
0.562, 1.2279e-4
0.562, 2.1672e-4
0.562, 3.1065e-4
0.562, 4.0459e-4
0.5669, 4.9864e-4
0.5669, 5.9257e-4
0.5669, 6.865e-4
0.5669, 7.8044e-4
0.5718, 8.7448e-4
0.5718, 9.6842e-4
0.5718, 1.0624e-3
0.5767, 1.1564e-3
0.5767, 1.2503e-3
0.5767, 1.3443e-3
0.5816, 1.4383e-3
0.5816, 1.5322e-3
0.5816, 1.6262e-3
0.5865, 1.7202e-3
0.5865, 1.8142e-3
0.5914, 1.9082e-3
0.5914, 2.0021e-3
0.5963, 2.0962e-3
0.6012, 2.1902e-3
0.6012, 2.2842e-3
0.6061, 2.3782e-3
0.6061, 2.4722e-3
0.611, 2.5662e-3
0.6159, 2.6603e-3
0.6159, 2.7542e-3
0.6208, 2.7543e-3
0.6257, 2.7544e-3
0.6306, 2.7545e-3
0.6355, 2.6607e-3
0.6404, 2.6608e-3
0.6454, 2.6609e-3
0.6503, 2.6611e-3
0.6503, 2.5671e-3
0.6503, 2.4732e-3
0.6503, 2.3793e-3
0.6552, 2.2854e-3
0.6552, 2.1915e-3
0.6552, 2.0976e-3
0.6601, 2.0038e-3
0.6601, 1.9098e-3
0.6601, 1.8159e-3
0.6601, 1.722e-3
0.665, 1.6281e-3
0.665, 1.5342e-3
0.665, 1.4403e-3
0.665, 1.3463e-3
0.6699, 1.2525e-3
0.6699, 1.1586e-3
0.6699, 1.0647e-3
0.6747, 9.7084e-4
0.6747, 8.769e-4
0.6797, 7.8309e-4
0.6797, 6.8915e-4
0.6846, 5.9533e-4
0.6895, 5.0152e-4
0.6895, 4.0758e-4
0.6896, 3.1365e-4
0.6896, 2.1972e-4
0.6896, 1.2578e-4
0.6945, 3.1964e-5
0.6945, -6.197e-5
0.6945, -1.559e-4
0.6945, -2.4984e-4
0.6945, -3.4377e-4
0.6945, -4.377e-4
0.6994, -5.3152e-4
0.6994, -6.2545e-4
0.6994, -7.1939e-4
0.6994, -8.1332e-4
0.6994, -9.0726e-4
0.6994, -1.0012e-3
0.7043, -1.095e-3
0.7043, -1.1889e-3
0.7043, -1.2829e-3
0.7043, -1.3768e-3
0.7043, -1.4707e-3
0.7043, -1.5647e-3
0.7092, -1.6585e-3
0.7092, -1.7524e-3
0.7092, -1.8464e-3
0.7092, -1.9403e-3
0.7092, -2.0342e-3
0.7092, -2.1282e-3
0.7141, -2.222e-3
0.7141, -2.3159e-3
0.7141, -2.4098e-3
0.7141, -2.5038e-3
0.7141, -2.5977e-3
0.7141, -2.6916e-3
0.7189, -2.7855e-3
0.7189, -2.8794e-3
0.7189, -2.9733e-3
0.7189, -3.0673e-3
0.7191, -3.1612e-3
0.7191, -3.2551e-3
0.724, -3.3489e-3
0.724, -3.4429e-3
0.724, -3.5368e-3
0.724, -3.6307e-3
0.724, -3.7247e-3
0.724, -3.8186e-3
0.7288, -3.9124e-3
0.7288, -4.0064e-3
0.7288, -4.1003e-3
0.7288, -4.1942e-3
0.7288, -4.2882e-3
0.7288, -4.3821e-3
0.7338, -4.4759e-3
0.7338, -4.5699e-3
0.7338, -4.6638e-3
0.7338, -4.7577e-3
0.7338, -4.8517e-3
0.7338, -4.9456e-3
0.7387, -5.0394e-3
0.7387, -5.1333e-3
0.7387, -5.2273e-3
0.7387, -5.3212e-3
0.7387, -5.4151e-3
0.7387, -5.5091e-3
0.7436, -5.6029e-3
0.7436, -5.6968e-3
0.7436, -5.7908e-3
0.7436, -5.8847e-3
0.7436, -5.9786e-3
0.7436, -6.0726e-3
0.7485, -6.1664e-3
0.7485, -6.2603e-3
0.7485, -6.3542e-3
0.7485, -6.4482e-3
0.7485, -6.5421e-3
0.7486, -6.636e-3
0.7534, -6.7299e-3
0.7534, -6.8238e-3
0.7534, -6.9177e-3
0.7534, -7.0117e-3
0.7534, -7.1056e-3
0.7534, -7.1995e-3
0.7584, -7.2933e-3
0.7584, -7.3873e-3
0.7584, -7.4812e-3
0.7584, -7.5751e-3
0.7584, -7.6691e-3
0.7584, -7.763e-3
0.7633, -7.8568e-3
0.7633, -7.9508e-3
0.7633, -8.0447e-3
0.7633, -8.1386e-3
0.7633, -8.2326e-3
0.7633, -8.3265e-3
0.7682, -8.4203e-3
0.7682, -8.5142e-3
0.7682, -8.6082e-3
0.7682, -8.7021e-3
0.7682, -8.796e-3
0.7682, -8.89e-3
0.7682, -8.9839e-3
0.7682, -9.0778e-3
0.7682, -9.1718e-3
0.7682, -9.2657e-3
0.7682, -9.3597e-3
0.7682, -9.4536e-3
0.7731, -9.5474e-3
0.7731, -9.6413e-3
0.7731, -9.7353e-3
0.7731, -9.8292e-3
0.7731, -9.9231e-3
0.7731, -0.01
0.7781, -0.0101
0.7781, -0.0102
0.7781, -0.0103
0.7781, -0.0104
0.7781, -0.0105
0.7781, -0.0106
0.783, -0.0107
0.783, -0.0108
0.783, -0.0109
0.783, -0.011
0.783, -0.0111
0.783, -0.0111
0.7879, -0.0112
0.7879, -0.0113
0.7879, -0.0114
0.7879, -0.0115
0.7879, -0.0116
0.7879, -0.0117
0.7879, -0.0118
0.7879, -0.0119
0.7879, -0.012
0.7879, -0.0121
0.7879, -0.0122
0.7879, -0.0123
0.7928, -0.0124
0.7928, -0.0125
0.7928, -0.0126
0.7928, -0.0126
0.7928, -0.0127
0.7928, -0.0128
0.7976, -0.0129
0.7976, -0.013
0.7976, -0.0131
0.7976, -0.0132
0.7976, -0.0133
0.7976, -0.0134
0.8026, -0.0135
0.8026, -0.0136
0.8027, -0.0137
0.8027, -0.0138
0.8027, -0.0139
0.8027, -0.014
0.8027, -0.0141
0.8027, -0.0141
0.8027, -0.0142
0.8027, -0.0143
0.8027, -0.0144
0.8027, -0.0145
0.8075, -0.0146
0.8075, -0.0147
0.8075, -0.0148
0.8075, -0.0149
0.8075, -0.015
0.8075, -0.0151
0.8125, -0.0152
0.8125, -0.0153
0.8125, -0.0154
0.8125, -0.0155
0.8125, -0.0156
0.8125, -0.0157
0.8174, -0.0157
0.8174, -0.0158
0.8174, -0.0159
0.8174, -0.016
0.8174, -0.0161
0.8174, -0.0162
0.8223, -0.0163
0.8223, -0.0164
0.8223, -0.0165
0.8223, -0.0166
0.8223, -0.0167
0.8223, -0.0168
0.8272, -0.0169
0.8272, -0.017
0.8272, -0.0171
0.8272, -0.0172
0.8272, -0.0172
0.8273, -0.0173
0.8322, -0.0174
0.8322, -0.0175
0.8322, -0.0176
0.8322, -0.0177
0.8322, -0.0178
0.8322, -0.0179
0.8371, -0.018
0.8371, -0.0181
0.8371, -0.0182
0.8371, -0.0183
0.8371, -0.0184
0.8371, -0.0185
0.842, -0.0186
0.842, -0.0187
0.842, -0.0188
0.842, -0.0188
0.842, -0.0189
0.842, -0.019
0.8469, -0.0191
0.8469, -0.0192
0.8469, -0.0193
0.8469, -0.0194
0.8469, -0.0195
0.8469, -0.0196
0.8518, -0.0197
0.8518, -0.0198
0.8518, -0.0199
0.8518, -0.02
0.8518, -0.0201
0.8518, -0.0202
0.8567, -0.0203
0.8567, -0.0203
0.8567, -0.0204
0.8567, -0.0205
0.8617, -0.0206
0.8617, -0.0207
0.8617, -0.0208
0.8666, -0.0209
0.8666, -0.021
0.8666, -0.0211
0.8666, -0.0212
0.8666, -0.0213
0.8715, -0.0214
0.8715, -0.0215
0.8715, -0.0216
0.8715, -0.0217
0.8715, -0.0218
0.8715, -0.0219
0.8763, -0.0219
0.8763, -0.022
0.8763, -0.0221
0.8763, -0.0222
0.8813, -0.0223
0.8813, -0.0224
0.8813, -0.0225
0.8862, -0.0226
0.8862, -0.0227
0.8862, -0.0228
0.8862, -0.0229
0.8862, -0.023
0.8911, -0.0231
0.8911, -0.0232
0.8911, -0.0233
0.8911, -0.0234
0.896, -0.0234
0.896, -0.0235
0.896, -0.0236
0.901, -0.0237
0.901, -0.0238
0.901, -0.0239
0.901, -0.024
0.901, -0.0241
0.9059, -0.0242
0.9059, -0.0243
0.9059, -0.0244
0.9108, -0.0245
0.9157, -0.0246
0.9205, -0.0247
0.9255, -0.0247
0.9255, -0.0248
0.9304, -0.0248
0.9353, -0.0249
0.9402, -0.0249
0.9451, -0.0249
0.95, -0.0249
0.9548, -0.0249
0.9548, -0.0248
0.9598, -0.0247
0.9647, -0.0246
0.9647, -0.0245
0.9647, -0.0246
0.9647, -0.0245
0.9696, -0.0244
0.9696, -0.0243
0.9745, -0.0242
0.9794, -0.0241
0.9794, -0.024
0.9794, -0.0239
0.9794, -0.0238
0.9794, -0.0237
0.9843, -0.0236
0.9843, -0.0235
0.9843, -0.0234
0.9843, -0.0234
0.9891, -0.0233
0.9891, -0.0232
0.9891, -0.0231
0.9941, -0.023
0.9941, -0.0229
0.9941, -0.0228
0.999, -0.0227
0.999, -0.0226
0.999, -0.0225
1.0039, -0.0224
1.0039, -0.0223
1.0039, -0.0222
1.0039, -0.0221
1.0039, -0.022
1.0088, -0.0219
1.0088, -0.0218
1.0088, -0.0218
1.0088, -0.0217
1.0088, -0.0216
1.0088, -0.0215
1.0137, -0.0214
1.0137, -0.0213
1.0137, -0.0212
1.0137, -0.0211
1.0137, -0.021
1.0137, -0.0209
1.0186, -0.0208
1.0186, -0.0207
1.0186, -0.0206
1.0186, -0.0205
1.0186, -0.0204
1.0186, -0.0203
1.0235, -0.0202
1.0235, -0.0202
1.0235, -0.0201
1.0235, -0.02
1.0235, -0.0199
1.0235, -0.0198
1.0284, -0.0197
1.0284, -0.0196
1.0284, -0.0195
1.0284, -0.0194
1.0284, -0.0193
1.0284, -0.0192
1.0333, -0.0191
1.0333, -0.019
1.0333, -0.0189
1.0333, -0.0188
1.0382, -0.0187
1.0382, -0.0187
1.0382, -0.0186
1.0431, -0.0185
1.0431, -0.0184
1.0431, -0.0183
1.0431, -0.0182
1.0431, -0.0181
1.048, -0.018
1.048, -0.0179
1.048, -0.0178
1.048, -0.0177
1.048, -0.0176
1.048, -0.0175
1.0529, -0.0174
1.0529, -0.0173
1.0529, -0.0172
1.0529, -0.0171
1.0529, -0.0171
1.0529, -0.017
1.0529, -0.0169
1.0529, -0.0168
1.0529, -0.0167
1.0529, -0.0166
1.0529, -0.0165
1.0529, -0.0164
1.0578, -0.0163
1.0578, -0.0162
1.0578, -0.0161
1.0578, -0.016
1.0578, -0.0159
1.0578, -0.0158
1.0627, -0.0157
1.0627, -0.0156
1.0627, -0.0156
1.0626, -0.0155
1.0626, -0.0154
1.0626, -0.0153
1.0675, -0.0152
1.0675, -0.0151
1.0675, -0.015
1.0675, -0.0149
1.0675, -0.0148
1.0675, -0.0147
1.0724, -0.0146
1.0724, -0.0145
1.0724, -0.0144
1.0724, -0.0143
1.0724, -0.0142
1.0724, -0.0141
1.0773, -0.014
1.0773, -0.014
1.0773, -0.0139
1.0773, -0.0138
1.0773, -0.0137
1.0773, -0.0136
1.0822, -0.0135
1.0822, -0.0134
1.0822, -0.0133
1.0822, -0.0132
1.0822, -0.0131
1.0822, -0.013
1.0822, -0.0129
1.0822, -0.0128
1.0822, -0.0127
1.0822, -0.0126
1.0822, -0.0125
1.0822, -0.0125
1.0871, -0.0124
1.0871, -0.0123
1.0871, -0.0122
1.0871, -0.0121
1.0871, -0.012
1.0871, -0.0119
1.092, -0.0118
1.092, -0.0117
1.092, -0.0116
1.092, -0.0115
1.092, -0.0114
1.092, -0.0113
1.0969, -0.0112
1.0969, -0.0111
1.0969, -0.011
1.0969, -0.0109
1.0969, -0.0109
1.0969, -0.0108
1.1018, -0.0107
1.1018, -0.0106
1.1018, -0.0105
1.1018, -0.0104
1.1018, -0.0103
1.1018, -0.0102
1.1067, -0.0101
1.1067, -0.01
1.1067, -9.9153e-3
1.1067, -9.8214e-3
1.1067, -9.7274e-3
1.1067, -9.6335e-3
1.1116, -9.5395e-3
1.1116, -9.4455e-3
1.1116, -9.3516e-3
1.1116, -9.2577e-3
1.1116, -9.1637e-3
1.1116, -9.0698e-3
1.1165, -8.9757e-3
1.1165, -8.8818e-3
1.1165, -8.7879e-3
1.1165, -8.6939e-3
1.1165, -8.6e-3
1.1165, -8.5061e-3
1.1165, -8.4121e-3
1.1165, -8.3182e-3
1.1165, -8.2243e-3
1.1165, -8.1303e-3
1.1165, -8.0364e-3
1.1165, -7.9425e-3
1.1214, -7.8484e-3
1.1214, -7.7545e-3
1.1214, -7.6606e-3
1.1213, -7.5666e-3
1.1213, -7.4727e-3
1.1213, -7.3788e-3
1.1262, -7.2847e-3
1.1262, -7.1908e-3
1.1262, -7.0968e-3
1.1262, -7.0029e-3
1.1262, -6.909e-3
1.1262, -6.815e-3
1.1311, -6.721e-3
1.1311, -6.6271e-3
1.1311, -6.5331e-3
1.1311, -6.4392e-3
1.1311, -6.3453e-3
1.1311, -6.2513e-3
1.136, -6.1573e-3
1.136, -6.0633e-3
1.136, -5.9694e-3
1.136, -5.8755e-3
1.136, -5.7815e-3
1.136, -5.6876e-3
1.1409, -5.5936e-3
1.1409, -5.4996e-3
1.1409, -5.4057e-3
1.1409, -5.3118e-3
1.1409, -5.2178e-3
1.1409, -5.1239e-3
1.1458, -5.0298e-3
1.1458, -4.9359e-3
1.1458, -4.842e-3
1.1458, -4.748e-3
1.1458, -4.6541e-3
1.1458, -4.5602e-3
1.1507, -4.4661e-3
1.1507, -4.3722e-3
1.1507, -4.2783e-3
1.1507, -4.1843e-3
1.1507, -4.0904e-3
1.1507, -3.9965e-3
1.1556, -3.9024e-3
1.1556, -3.8085e-3
1.1556, -3.7145e-3
1.1556, -3.6206e-3
1.1556, -3.5267e-3
1.1556, -3.4327e-3
1.1605, -3.3387e-3
1.1605, -3.2448e-3
1.1605, -3.1508e-3
1.1605, -3.0569e-3
1.1605, -2.963e-3
1.1605, -2.869e-3
1.1654, -2.775e-3
1.1654, -2.681e-3
1.1654, -2.5871e-3
1.1654, -2.4932e-3
1.1654, -2.3992e-3
1.1654, -2.3053e-3
1.1703, -2.2113e-3
1.1703, -2.1173e-3
1.1703, -2.0234e-3
1.1703, -1.9295e-3
1.1703, -1.8355e-3
1.1703, -1.7416e-3
1.1752, -1.6475e-3
1.1752, -1.5536e-3
1.1752, -1.4597e-3
1.1752, -1.3657e-3
1.1752, -1.2718e-3
1.1752, -1.1779e-3
1.1801, -1.0838e-3
1.1801, -9.899e-4
1.1801, -8.9597e-4
1.1801, -8.0203e-4
1.185, -7.0798e-4
1.185, -6.1405e-4
1.185, -5.2012e-4
1.1899, -4.2607e-4
1.1899, -3.3214e-4
1.1899, -2.382e-4
1.1948, -1.4415e-4
1.1948, -5.0221e-5
1.1948, 4.3713e-5
1.1997, 1.3776e-4
1.1997, 2.3169e-4
1.1997, 3.2563e-4
1.1997, 4.1956e-4
1.1997, 5.135e-4
1.2046, 6.0754e-4
1.2046, 7.0148e-4
1.2046, 7.9541e-4
1.2046, 8.8934e-4
1.2095, 9.8339e-4
1.2095, 1.0773e-3
1.2095, 1.1713e-3
1.2144, 1.2653e-3
1.2144, 1.3592e-3
1.2144, 1.4532e-3
1.2193, 1.5472e-3
1.2193, 1.6412e-3
1.2193, 1.7351e-3
1.2242, 1.8291e-3
1.2242, 1.9231e-3
1.2291, 2.0171e-3
1.2291, 2.1111e-3
1.234, 2.1112e-3
1.234, 2.2051e-3
1.2389, 2.2992e-3
1.2438, 2.3932e-3
1.2487, 2.4872e-3
1.2536, 2.4874e-3
1.2585, 2.4875e-3
1.2634, 2.4876e-3
1.2683, 2.4877e-3
1.2732, 2.3939e-3
1.2732, 2.3e-3
1.2781, 2.2061e-3
1.283, 2.1123e-3
1.283, 2.0184e-3
1.283, 1.9245e-3
1.2879, 1.8306e-3
1.2879, 1.7367e-3
1.2928, 1.6429e-3
1.2977, 1.5491e-3
1.2977, 1.4551e-3
1.2977, 1.3612e-3
1.2977, 1.2673e-3
1.2977, 1.1733e-3
1.3027, 1.0795e-3
1.3027, 9.8558e-4
1.3027, 8.9165e-4
1.3027, 7.9771e-4
1.3027, 7.0378e-4
1.3027, 6.0985e-4
1.3075, 5.1603e-4
1.3075, 4.221e-4
1.3075, 3.2816e-4
1.3075, 2.3423e-4
1.3125, 1.4041e-4
1.3125, 4.6477e-5
1.3125, -4.7456e-5
1.3174, -1.4127e-4
1.3174, -2.3521e-4
1.3174, -3.2914e-4
1.3174, -4.2307e-4
1.3174, -5.1701e-4
1.3223, -6.1083e-4
1.3223, -7.0476e-4
1.3223, -7.9869e-4
1.3223, -8.9263e-4
1.3272, -9.8644e-4
1.3272, -1.0804e-3
1.3272, -1.1743e-3
1.3321, -1.2681e-3
1.3321, -1.3621e-3
1.3321, -1.456e-3
1.3321, -1.5499e-3
1.3321, -1.6439e-3
1.337, -1.7377e-3
1.337, -1.8316e-3
1.3371, -1.9255e-3
1.3371, -2.0195e-3
1.3371, -2.1134e-3
1.3371, -2.2073e-3
1.342, -2.3012e-3
1.342, -2.3951e-3
1.342, -2.489e-3
1.342, -2.583e-3
1.342, -2.6769e-3
1.342, -2.7708e-3
1.3469, -2.8647e-3
1.3469, -2.9586e-3
1.3469, -3.0525e-3
1.3469, -3.1465e-3
1.3469, -3.2404e-3
1.3469, -3.3343e-3
1.3518, -3.4281e-3
1.3518, -3.5221e-3
1.3518, -3.616e-3
1.3518, -3.7099e-3
1.3518, -3.8039e-3
1.3518, -3.8978e-3
1.3567, -3.9916e-3
1.3567, -4.0856e-3
1.3567, -4.1795e-3
1.3567, -4.2734e-3
1.3616, -4.3672e-3
1.3616, -4.4612e-3
1.3616, -4.5551e-3
1.3665, -4.6489e-3
1.3665, -4.7429e-3
1.3665, -4.8368e-3
1.3665, -4.9307e-3
1.3665, -5.0247e-3
1.3715, -5.1185e-3
1.3715, -5.2124e-3
1.3715, -5.3063e-3
1.3715, -5.4003e-3
1.3715, -5.4942e-3
1.3715, -5.5881e-3
1.3764, -5.682e-3
1.3764, -5.7759e-3
1.3764, -5.8698e-3
1.3764, -5.9638e-3
1.3764, -6.0577e-3
1.3764, -6.1516e-3
1.3764, -6.2456e-3
1.3764, -6.3395e-3
1.3764, -6.4334e-3
1.3764, -6.5274e-3
1.3764, -6.6213e-3
1.3764, -6.7152e-3
1.3764, -6.8092e-3
1.3813, -6.903e-3
1.3813, -6.9969e-3
1.3813, -7.0909e-3
1.3813, -7.1848e-3
1.3813, -7.2787e-3
1.3813, -7.3727e-3
1.3862, -7.4665e-3
1.3862, -7.5604e-3
1.3862, -7.6543e-3
1.3862, -7.7483e-3
1.3862, -7.8422e-3
1.3862, -7.9361e-3
1.3911, -8.03e-3
1.3911, -8.1239e-3
1.3911, -8.2178e-3
1.3911, -8.3118e-3
1.3911, -8.4057e-3
1.3911, -8.4996e-3
1.396, -8.5934e-3
1.396, -8.6874e-3
1.3961, -8.7813e-3
1.3961, -8.8752e-3
1.3961, -8.9692e-3
1.3961, -9.0631e-3
1.401, -9.1569e-3
1.401, -9.2509e-3
1.401, -9.3448e-3
1.401, -9.4387e-3
1.401, -9.5327e-3
1.401, -9.6266e-3
1.4059, -9.7204e-3
1.4059, -9.8143e-3
1.4059, -9.9083e-3
1.4059, -0.01
1.4059, -0.0101
1.4059, -0.0102
1.4108, -0.0103
1.4108, -0.0104
1.4108, -0.0105
1.4108, -0.0106
1.4108, -0.0107
1.4108, -0.0108
1.4157, -0.0108
1.4157, -0.0109
1.4157, -0.011
1.4157, -0.0111
1.4157, -0.0112
1.4157, -0.0113
1.4205, -0.0114
1.4205, -0.0115
1.4205, -0.0116
1.4205, -0.0117
1.4205, -0.0118
1.4205, -0.0119
1.4205, -0.012
1.4205, -0.0121
1.4205, -0.0122
1.4205, -0.0123
1.4205, -0.0124
1.4207, -0.0124
1.4256, -0.0125
1.4256, -0.0126
1.4256, -0.0127
1.4256, -0.0128
1.4256, -0.0129
1.4256, -0.013
1.4304, -0.0131
1.4304, -0.0132
1.4304, -0.0133
1.4304, -0.0134
1.4304, -0.0135
1.4304, -0.0136
1.4354, -0.0137
1.4354, -0.0138
1.4354, -0.0139
1.4354, -0.0139
1.4354, -0.014
1.4354, -0.0141
1.4354, -0.0142
1.4354, -0.0143
1.4354, -0.0144
1.4354, -0.0145
1.4354, -0.0146
1.4354, -0.0147
1.4403, -0.0148
1.4403, -0.0149
1.4403, -0.015
1.4403, -0.0151
1.4403, -0.0152
1.4403, -0.0153
1.4452, -0.0154
1.4452, -0.0154
1.4452, -0.0155
1.4452, -0.0156
1.4452, -0.0157
1.4452, -0.0158
1.4502, -0.0159
1.4502, -0.016
1.4502, -0.0161
1.4502, -0.0162
1.4502, -0.0163
1.4502, -0.0164
1.4551, -0.0165
1.4551, -0.0166
1.4551, -0.0167
1.4551, -0.0168
1.4551, -0.0169
1.4551, -0.017
1.46, -0.017
1.46, -0.0171
1.46, -0.0172
1.46, -0.0173
1.46, -0.0174
1.46, -0.0175
1.4649, -0.0176
1.4649, -0.0177
1.4649, -0.0178
1.4649, -0.0179
1.4649, -0.018
1.4649, -0.0181
1.4698, -0.0182
1.4698, -0.0183
1.4698, -0.0184
1.4698, -0.0185
1.4698, -0.0185
1.4698, -0.0186
1.4747, -0.0187
1.4747, -0.0188
1.4747, -0.0189
1.4747, -0.019
1.4747, -0.0191
1.4747, -0.0192
1.4797, -0.0193
1.4797, -0.0194
1.4797, -0.0195
1.4797, -0.0196
1.4797, -0.0197
1.4797, -0.0198
1.4846, -0.0199
1.4846, -0.02
1.4846, -0.0201
1.4846, -0.0201
1.4846, -0.0202
1.4846, -0.0203
1.4895, -0.0204
1.4895, -0.0205
1.4895, -0.0206
1.4895, -0.0207
1.4944, -0.0208
1.4944, -0.0209
1.4944, -0.021
1.4993, -0.0211
1.4993, -0.0212
1.4993, -0.0213
1.4993, -0.0214
1.4993, -0.0215
1.5042, -0.0216
1.5042, -0.0216
1.5042, -0.0217
1.5042, -0.0218
1.5042, -0.0219
1.5042, -0.022
1.5091, -0.0221
1.5091, -0.0222
1.5091, -0.0223
1.5091, -0.0224
1.5091, -0.0225
1.5091, -0.0226
1.5141, -0.0227
1.5141, -0.0228
1.5141, -0.0229
1.5141, -0.023
1.519, -0.0231
1.519, -0.0232
1.519, -0.0232
1.5239, -0.0233
1.5239, -0.0234
1.5288, -0.0235
1.5288, -0.0236
1.5337, -0.0237
1.5386, -0.0238
1.5386, -0.0239
1.5386, -0.024
1.5434, -0.0241
1.5434, -0.0242
1.5434, -0.0243
1.5484, -0.0244
1.5484, -0.0245
1.5533, -0.0246
1.5582, -0.0246
1.5631, -0.0247
1.5681, -0.0247
1.573, -0.0247
1.573, -0.0248
1.5779, -0.0249
1.5828, -0.0249
1.5877, -0.0248
1.5877, -0.0247
1.5877, -0.0247
1.5877, -0.0246
1.5926, -0.0245
1.5926, -0.0244
1.5926, -0.0243
1.5975, -0.0242
1.5975, -0.0241
1.6024, -0.024
1.6024, -0.0239
1.6024, -0.0238
1.6073, -0.0237
1.6073, -0.0236
1.6073, -0.0235
1.6122, -0.0234
1.6122, -0.0233
1.6122, -0.0232
1.6171, -0.0231
1.6171, -0.0231
1.6171, -0.023
1.6219, -0.0229
1.6219, -0.0228
1.6219, -0.0227
1.6269, -0.0226
1.6269, -0.0225
1.6269, -0.0224
1.6318, -0.0223
1.6318, -0.0222
1.6318, -0.0221
1.6367, -0.022
1.6367, -0.0219
1.6367, -0.0218
1.6367, -0.0217
1.6367, -0.0216
1.6416, -0.0216
1.6416, -0.0215
1.6416, -0.0214
1.6416, -0.0213
1.6416, -0.0212
1.6416, -0.0211
1.6465, -0.021
1.6465, -0.0209
1.6465, -0.0208
1.6463, -0.0207
1.6463, -0.0206
1.6463, -0.0205
1.6513, -0.0204
1.6513, -0.0203
1.6513, -0.0202
1.6513, -0.0201
1.6513, -0.02
1.6513, -0.02
1.6562, -0.0199
1.6562, -0.0198
1.6562, -0.0197
1.6562, -0.0196
1.6562, -0.0195
1.6562, -0.0194
1.6611, -0.0193
1.6611, -0.0192
1.6611, -0.0191
1.6611, -0.019
1.6611, -0.0189
1.6611, -0.0188
1.666, -0.0187
1.666, -0.0186
1.666, -0.0185
1.666, -0.0185
1.6709, -0.0184
1.6709, -0.0183
1.6709, -0.0182
1.6758, -0.0181
1.6758, -0.018
1.6758, -0.0179
1.6758, -0.0178
1.6758, -0.0177
1.6806, -0.0176
1.6806, -0.0175
1.6806, -0.0174
1.6806, -0.0173
1.6806, -0.0172
1.6806, -0.0171
1.6856, -0.017
1.6856, -0.0169
1.6856, -0.0169
1.6856, -0.0168
1.6856, -0.0167
1.6856, -0.0166
1.6905, -0.0165
1.6905, -0.0164
1.6905, -0.0163
1.6905, -0.0162
1.6905, -0.0161
1.6905, -0.016
1.6954, -0.0159
1.6954, -0.0158
1.6954, -0.0157
1.6954, -0.0156
1.6954, -0.0155
1.6954, -0.0154
1.7003, -0.0153
1.7003, -0.0153
1.7003, -0.0152
1.7003, -0.0151
1.7003, -0.015
1.7003, -0.0149
1.7003, -0.0148
1.7003, -0.0147
1.7003, -0.0146
1.7003, -0.0145
1.7003, -0.0144
1.7003, -0.0143
1.7052, -0.0142
1.7052, -0.0141
1.7052, -0.014
1.7052, -0.0139
1.7052, -0.0138
1.7052, -0.0138
1.7101, -0.0137
1.7101, -0.0136
1.7101, -0.0135
1.7101, -0.0134
1.7101, -0.0133
1.7101, -0.0132
1.7149, -0.0131
1.7149, -0.013
1.7149, -0.0129
1.7149, -0.0128
1.7149, -0.0127
1.7149, -0.0126
1.7199, -0.0125
1.7199, -0.0124
1.7199, -0.0123
1.7198, -0.0122
1.7198, -0.0122
1.7198, -0.0121
1.7247, -0.012
1.7247, -0.0119
1.7247, -0.0118
1.7247, -0.0117
1.7247, -0.0116
1.7247, -0.0115
1.7247, -0.0114
1.7247, -0.0113
1.7247, -0.0112
1.7247, -0.0111
1.7247, -0.011
1.7247, -0.0109
1.7296, -0.0108
1.7296, -0.0107
1.7296, -0.0107
1.7296, -0.0106
1.7296, -0.0105
1.7296, -0.0104
1.7345, -0.0103
1.7345, -0.0102
1.7345, -0.0101
1.7345, -9.9945e-3
1.7345, -9.9006e-3
1.7345, -9.8066e-3
1.7345, -9.7127e-3
1.7345, -9.6188e-3
1.7345, -9.5248e-3
1.7345, -9.4309e-3
1.7345, -9.337e-3
1.7345, -9.243e-3
1.7393, -9.149e-3
1.7393, -9.055e-3
1.7393, -8.9611e-3
1.7393, -8.8672e-3
1.7393, -8.7732e-3
1.7393, -8.6793e-3
1.7443, -8.5853e-3
1.7443, -8.4913e-3
1.7443, -8.3974e-3
1.7443, -8.3035e-3
1.7443, -8.2095e-3
1.7443, -8.1156e-3
1.7492, -8.0215e-3
1.7492, -7.9276e-3
1.7492, -7.8337e-3
1.7492, -7.7397e-3
1.7492, -7.6458e-3
1.7492, -7.5519e-3
1.7541, -7.4578e-3
1.7541, -7.3639e-3
1.7541, -7.27e-3
1.7541, -7.176e-3
1.7541, -7.0821e-3
1.7541, -6.9882e-3
1.759, -6.8941e-3
1.759, -6.8002e-3
1.759, -6.7062e-3
1.759, -6.6123e-3
1.759, -6.5184e-3
1.759, -6.4244e-3
1.7639, -6.3304e-3
1.7639, -6.2365e-3
1.7639, -6.1425e-3
1.7639, -6.0486e-3
1.7688, -5.9545e-3
1.7688, -5.8606e-3
1.7688, -5.7667e-3
1.7737, -5.6726e-3
1.7737, -5.5787e-3
1.7737, -5.4848e-3
1.7737, -5.3908e-3
1.7737, -5.2969e-3
1.7786, -5.2029e-3
1.7786, -5.1089e-3
1.7786, -5.015e-3
1.7786, -4.9211e-3
1.7786, -4.8271e-3
1.7786, -4.7332e-3
1.7835, -4.6391e-3
1.7835, -4.5452e-3
1.7835, -4.4513e-3
1.7835, -4.3573e-3
1.7835, -4.2634e-3
1.7833, -4.1695e-3
1.7833, -4.0755e-3
1.7833, -3.9816e-3
1.7833, -3.8877e-3
1.7833, -3.7937e-3
1.7833, -3.6998e-3
1.7833, -3.6059e-3
1.7883, -3.5118e-3
1.7883, -3.4179e-3
1.7883, -3.324e-3
1.7883, -3.23e-3
1.7883, -3.1361e-3
1.7883, -3.0422e-3
1.7883, -2.9482e-3
1.7883, -2.8543e-3
1.7883, -2.7604e-3
1.7883, -2.6664e-3
1.7883, -2.5725e-3
1.7883, -2.4786e-3
1.7932, -2.3845e-3
1.7932, -2.2906e-3
1.7932, -2.1966e-3
1.7932, -2.1027e-3
1.7981, -2.0087e-3
1.7981, -1.9147e-3
1.7981, -1.8208e-3
1.803, -1.7267e-3
1.803, -1.6328e-3
1.803, -1.5389e-3
1.8079, -1.4448e-3
1.8079, -1.3509e-3
1.8079, -1.257e-3
1.8128, -1.1629e-3
1.8128, -1.069e-3
1.8128, -9.7504e-4
1.8128, -8.8111e-4
1.8128, -7.8717e-4
1.8176, -6.9313e-4
1.8176, -5.9919e-4
1.8176, -5.0526e-4
1.8176, -4.1133e-4
1.8176, -3.1739e-4
1.8176, -2.2346e-4
1.8226, -1.2941e-4
1.8226, -3.5477e-5
1.8226, 5.8456e-5
1.8226, 1.5239e-4
1.8226, 2.4632e-4
1.8226, 3.4026e-4
1.8275, 4.3431e-4
1.8275, 5.2824e-4
1.8275, 6.2217e-4
1.8324, 7.1622e-4
1.8324, 8.1015e-4
1.8373, 9.042e-4
1.8422, 9.9825e-4
1.8422, 1.0922e-3
1.8422, 1.1861e-3
1.8422, 1.2801e-3
1.8422, 1.374e-3
1.8471, 1.468e-3
1.8471, 1.562e-3
1.8471, 1.6559e-3
1.8519, 1.7499e-3
1.8569, 1.844e-3
1.8618, 1.938e-3
1.8667, 2.0321e-3
1.8716, 2.1261e-3
1.8716, 2.2201e-3
1.8765, 2.3141e-3
1.8814, 2.4082e-3
1.8814, 2.5021e-3
1.8862, 2.5022e-3
1.8912, 2.4084e-3
1.8961, 2.3146e-3
1.901, 2.2208e-3
1.9059, 2.1269e-3
1.9109, 2.0331e-3
1.9059, 2.1269e-3
1.901, 2.1268e-3
1.901, 2.2208e-3
1.8961, 2.2207e-3
1.8912, 2.3145e-3
1.8862, 2.4083e-3
1.8912, 2.3145e-3
1.8961, 2.2207e-3
1.901, 2.1268e-3
1.9059, 2.033e-3
1.9109, 1.9392e-3
1.9109, 1.8453e-3
1.9109, 1.7513e-3
1.9109, 1.6574e-3
1.9158, 1.5636e-3
1.9158, 1.4696e-3
1.9158, 1.3757e-3
1.9207, 1.2819e-3
1.9207, 1.188e-3
1.9256, 1.1881e-3
1.9256, 1.0941e-3
1.9304, 1.0003e-3
1.9354, 9.0651e-4
1.9354, 8.1257e-4
1.9403, 7.1875e-4
1.9403, 6.2482e-4
1.9403, 5.3089e-4
1.9452, 4.3707e-4
1.9452, 3.4314e-4
1.9452, 2.492e-4
1.9452, 1.5527e-4
1.9452, 6.1336e-5
1.9501, -3.2482e-5
1.9501, -1.2642e-4
1.9501, -2.2035e-4
1.9501, -3.1428e-4
1.9501, -4.0822e-4
1.9501, -5.0215e-4
1.955, -5.9597e-4
1.955, -6.899e-4
1.955, -7.8383e-4
1.955, -8.7777e-4
1.955, -9.717e-4
1.955, -1.0656e-3
1.96, -1.1595e-3
1.96, -1.2534e-3
1.96, -1.3473e-3
1.96, -1.4413e-3
1.96, -1.5352e-3
1.96, -1.6291e-3
1.9649, -1.7229e-3
1.9649, -1.8169e-3
1.9649, -1.9108e-3
1.9649, -2.0047e-3
1.9649, -2.0987e-3
1.9649, -2.1926e-3
1.9698, -2.2864e-3
1.9698, -2.3804e-3
1.9698, -2.4743e-3
1.9698, -2.5682e-3
1.9698, -2.6622e-3
1.9698, -2.7561e-3
1.9747, -2.8499e-3
1.9747, -2.9438e-3
1.9747, -3.0378e-3
1.9747, -3.1317e-3
1.9747, -3.2256e-3
1.9747, -3.3196e-3
1.9796, -3.4134e-3
1.9796, -3.5073e-3
1.9796, -3.6013e-3
1.9796, -3.6952e-3
1.9845, -3.789e-3
1.9845, -3.8829e-3
1.9845, -3.9769e-3
1.9895, -4.0707e-3
1.9895, -4.1646e-3
1.9895, -4.2586e-3
1.9895, -4.3525e-3
1.9895, -4.4464e-3
1.9944, -4.5402e-3
1.9944, -4.6342e-3
1.9944, -4.7281e-3
1.9944, -4.822e-3
1.9944, -4.916e-3
1.9944, -5.0099e-3
1.9992, -5.1037e-3
1.9992, -5.1977e-3
1.9992, -5.2916e-3
1.9992, -5.3855e-3
1.9992, -5.4795e-3
1.9992, -5.5734e-3
2.0042, -5.6672e-3
2.0042, -5.7612e-3
2.0042, -5.8551e-3
2.0042, -5.949e-3
2.0042, -6.043e-3
2.0042, -6.1369e-3
2.0091, -6.2307e-3
2.0091, -6.3246e-3
2.0091, -6.4186e-3
2.0091, -6.5125e-3
2.0091, -6.6064e-3
2.0091, -6.7004e-3
2.014, -6.7942e-3
2.014, -6.8881e-3
2.014, -6.9821e-3
2.014, -7.076e-3
2.014, -7.1699e-3
2.014, -7.2639e-3
2.019, -7.3577e-3
2.019, -7.4516e-3
2.019, -7.5455e-3
2.019, -7.6395e-3
2.019, -7.7334e-3
2.019, -7.8273e-3
2.0239, -7.9212e-3
2.0239, -8.0151e-3
2.0239, -8.109e-3
2.0239, -8.203e-3
2.0239, -8.2969e-3
2.0239, -8.3908e-3
2.0239, -8.4848e-3
2.0239, -8.5787e-3
2.0239, -8.6726e-3
2.0239, -8.7666e-3
2.0239, -8.8605e-3
2.0239, -8.9544e-3
2.0288, -9.0482e-3
2.0288, -9.1422e-3
2.0288, -9.2361e-3
2.0288, -9.33e-3
2.0288, -9.424e-3
2.0288, -9.5179e-3
2.0337, -9.6117e-3
2.0337, -9.7057e-3
2.0337, -9.7996e-3
2.0337, -9.8935e-3
2.0337, -9.9875e-3
2.0337, -0.0101
2.0386, -0.0102
2.0386, -0.0103
2.0386, -0.0104
2.0386, -0.0105
2.0386, -0.0106
2.0386, -0.0106
2.0435, -0.0107
2.0435, -0.0108
2.0436, -0.0109
2.0436, -0.011
2.0436, -0.0111
2.0436, -0.0112
2.0485, -0.0113
2.0485, -0.0114
2.0485, -0.0115
2.0485, -0.0116
2.0485, -0.0117
2.0485, -0.0118
2.0534, -0.0119
2.0534, -0.012
2.0534, -0.0121
2.0534, -0.0121
2.0534, -0.0122
2.0534, -0.0123
2.0583, -0.0124
2.0583, -0.0125
2.0583, -0.0126
2.0583, -0.0127
2.0583, -0.0128
2.0583, -0.0129
2.0583, -0.013
2.0583, -0.0131
2.0583, -0.0132
2.0583, -0.0133
2.0583, -0.0134
2.0583, -0.0135
2.0632, -0.0136
2.0632, -0.0137
2.0632, -0.0137
2.0632, -0.0138
2.0632, -0.0139
2.0632, -0.014
2.0681, -0.0141
2.0681, -0.0142
2.0681, -0.0143
2.0681, -0.0144
2.0681, -0.0145
2.0682, -0.0146
2.0731, -0.0147
2.0731, -0.0148
2.0731, -0.0149
2.0731, -0.015
2.0731, -0.0151
2.0731, -0.0152
2.078, -0.0152
2.078, -0.0153
2.078, -0.0154
2.078, -0.0155
2.078, -0.0156
2.078, -0.0157
2.0829, -0.0158
2.0829, -0.0159
2.0829, -0.016
2.0829, -0.0161
2.0829, -0.0162
2.0829, -0.0163
2.0878, -0.0164
2.0878, -0.0165
2.0878, -0.0166
2.0878, -0.0167
2.0878, -0.0167
2.0878, -0.0168
2.0927, -0.0169
2.0927, -0.017
2.0927, -0.0171
2.0927, -0.0172
2.0927, -0.0173
2.0927, -0.0174
2.0976, -0.0175
2.0976, -0.0176
2.0976, -0.0177
2.0976, -0.0178
2.0976, -0.0179
2.0976, -0.018
2.1026, -0.0181
2.1026, -0.0182
2.1026, -0.0183
2.1026, -0.0183
2.1026, -0.0184
2.1026, -0.0185
2.1075, -0.0186
2.1075, -0.0187
2.1075, -0.0188
2.1075, -0.0189
2.1075, -0.019
2.1075, -0.0191
2.1124, -0.0192
2.1124, -0.0193
2.1124, -0.0194
2.1124, -0.0195
2.1124, -0.0196
2.1124, -0.0197
2.1173, -0.0198
2.1173, -0.0198
2.1173, -0.0199
2.1173, -0.02
2.1173, -0.0201
2.1173, -0.0202
2.1222, -0.0203
2.1222, -0.0204
2.1222, -0.0205
2.1222, -0.0206
2.1222, -0.0207
2.1222, -0.0208
2.1271, -0.0209
2.1271, -0.021
2.1271, -0.0211
2.1271, -0.0212
2.132, -0.0213
2.132, -0.0214
2.132, -0.0214
2.137, -0.0215
2.137, -0.0216
2.137, -0.0217
2.1419, -0.0218
2.1419, -0.0219
2.1419, -0.022
2.1468, -0.0221
2.1468, -0.0222
2.1468, -0.0223
2.1517, -0.0224
2.1517, -0.0225
2.1517, -0.0226
2.1566, -0.0227
2.1566, -0.0228
2.1566, -0.0229
2.1566, -0.0229
2.1566, -0.023
2.1615, -0.0231
2.1615, -0.0232
2.1615, -0.0233
2.1615, -0.0234
2.1615, -0.0235
2.1615, -0.0236
2.1663, -0.0237
2.1663, -0.0238
2.1663, -0.0239
2.1713, -0.024
2.1763, -0.0241
2.1812, -0.0241
2.1861, -0.0241
2.191, -0.0241
2.1959, -0.0242
2.2008, -0.0242
2.2057, -0.0242
2.2106, -0.0242
2.2155, -0.0242
2.2204, -0.0241
2.2253, -0.024
2.2253, -0.0239
2.2302, -0.0238
2.2302, -0.0237
2.2302, -0.0236
2.2351, -0.0235
2.2351, -0.0234
2.2351, -0.0233
2.2351, -0.0232
2.2351, -0.0231
2.24, -0.023
2.24, -0.0229
2.24, -0.0229
2.24, -0.0228
2.2449, -0.0227
2.2449, -0.0226
2.2449, -0.0225
2.2498, -0.0224
2.2498, -0.0223
2.2498, -0.0222
2.2547, -0.0221
2.2547, -0.022
2.2547, -0.0219
2.2596, -0.0218
2.2596, -0.0217
2.2596, -0.0216
2.2596, -0.0215
2.2596, -0.0214
2.2645, -0.0213
2.2645, -0.0213
2.2645, -0.0212
2.2645, -0.0211
2.2694, -0.021
2.2694, -0.0209
2.2694, -0.0208
2.2743, -0.0207
2.2743, -0.0206
2.2743, -0.0205
2.2743, -0.0204
2.2743, -0.0203
2.2792, -0.0202
2.2792, -0.0201
2.2792, -0.02
2.2792, -0.0199
2.2792, -0.0198
2.2792, -0.0198
2.2841, -0.0197
2.2841, -0.0196
2.2841, -0.0195
2.2841, -0.0194
2.2841, -0.0193
2.2841, -0.0192
2.289, -0.0191
2.289, -0.019
2.289, -0.0189
2.289, -0.0188
2.289, -0.0187
2.289, -0.0186
2.2939, -0.0185
2.2939, -0.0184
2.2939, -0.0183
2.2939, -0.0182
2.2988, -0.0182
2.2988, -0.0181
2.2988, -0.018
2.3037, -0.0179
2.3037, -0.0178
2.3037, -0.0177
2.3035, -0.0176
2.3035, -0.0175
2.3086, -0.0174
2.3085, -0.0173
2.3085, -0.0172
2.3085, -0.0171
2.3085, -0.017
2.3085, -0.0169
2.3134, -0.0168
2.3134, -0.0167
2.3134, -0.0167
2.3134, -0.0166
2.3134, -0.0165
2.3134, -0.0164
2.3183, -0.0163
2.3183, -0.0162
2.3183, -0.0161
2.3183, -0.016
2.3183, -0.0159
2.3183, -0.0158
2.3232, -0.0157
2.3232, -0.0156
2.3232, -0.0155
2.3232, -0.0154
2.3232, -0.0153
2.3232, -0.0152
2.3281, -0.0151
2.3281, -0.0151
2.3281, -0.015
2.3281, -0.0149
2.3281, -0.0148
2.3281, -0.0147
2.333, -0.0146
2.333, -0.0145
2.333, -0.0144
2.333, -0.0143
2.333, -0.0142
2.333, -0.0141
2.333, -0.014
2.333, -0.0139
2.333, -0.0138
2.333, -0.0137
2.333, -0.0136
2.333, -0.0135
2.3378, -0.0135
2.3378, -0.0134
2.3378, -0.0133
2.3378, -0.0132
2.3378, -0.0131
2.3378, -0.013
2.3428, -0.0129
2.3428, -0.0128
2.3428, -0.0127
2.3428, -0.0126
2.3428, -0.0125
2.3428, -0.0124
2.3477, -0.0123
2.3477, -0.0122
2.3477, -0.0121
2.3477, -0.012
2.3477, -0.012
2.3477, -0.0119
2.3477, -0.0118
2.3477, -0.0117
2.3477, -0.0116
2.3477, -0.0115
2.3477, -0.0114
2.3477, -0.0113
2.3526, -0.0112
2.3526, -0.0111
2.3526, -0.011
2.3526, -0.0109
2.3526, -0.0108
2.3526, -0.0107
2.3575, -0.0106
2.3575, -0.0105
2.3575, -0.0104
2.3575, -0.0104
2.3575, -0.0103
2.3575, -0.0102
2.3624, -0.0101
2.3624, -9.9797e-3
2.3624, -9.8858e-3
2.3624, -9.7919e-3
2.3623, -9.6979e-3
2.3623, -9.604e-3
2.3672, -9.51e-3
2.3672, -9.416e-3
2.3672, -9.3221e-3
2.3672, -9.2282e-3
2.3672, -9.1342e-3
2.3672, -9.0403e-3
2.3721, -8.9463e-3
2.3721, -8.8523e-3
2.3721, -8.7584e-3
2.3721, -8.6645e-3
2.3721, -8.5705e-3
2.3721, -8.4766e-3
2.377, -8.3825e-3
2.377, -8.2886e-3
2.377, -8.1947e-3
2.377, -8.1007e-3
2.377, -8.0068e-3
2.377, -7.9129e-3
2.3819, -7.8188e-3
2.3819, -7.7249e-3
2.3819, -7.631e-3
2.3819, -7.537e-3
2.3819, -7.4431e-3
2.3819, -7.3492e-3
2.3868, -7.2551e-3
2.3868, -7.1612e-3
2.3868, -7.0672e-3
2.3868, -6.9733e-3
2.3868, -6.8794e-3
2.3868, -6.7854e-3
2.3917, -6.6914e-3
2.3917, -6.5975e-3
2.3917, -6.5035e-3
2.3917, -6.4096e-3
2.3917, -6.3157e-3
2.3917, -6.2217e-3
2.3966, -6.1277e-3
2.3966, -6.0337e-3
2.3966, -5.9398e-3
2.3966, -5.8459e-3
2.3966, -5.7519e-3
2.3966, -5.658e-3
2.4015, -5.564e-3
2.4015, -5.47e-3
2.4015, -5.3761e-3
2.4015, -5.2822e-3
2.4015, -5.1882e-3
2.4015, -5.0943e-3
2.4064, -5.0002e-3
2.4064, -4.9063e-3
2.4064, -4.8124e-3
2.4064, -4.7184e-3
2.4064, -4.6245e-3
2.4064, -4.5306e-3
2.4113, -4.4365e-3
2.4113, -4.3426e-3
2.4113, -4.2487e-3
2.4113, -4.1547e-3
2.4113, -4.0608e-3
2.4113, -3.9669e-3
2.4162, -3.8728e-3
2.4162, -3.7789e-3
2.4162, -3.6849e-3
2.4162, -3.591e-3
2.4162, -3.4971e-3
2.4162, -3.4031e-3
2.4211, -3.3091e-3
2.4211, -3.2152e-3
2.4211, -3.1212e-3
2.4211, -3.0273e-3
2.4211, -2.9334e-3
2.4211, -2.8394e-3
2.426, -2.7454e-3
2.426, -2.6514e-3
2.426, -2.5575e-3
2.426, -2.4636e-3
2.426, -2.3696e-3
2.426, -2.2757e-3
2.4309, -2.1817e-3
2.4309, -2.0877e-3
2.4309, -1.9938e-3
2.4309, -1.8999e-3
2.4309, -1.8059e-3
2.4309, -1.712e-3
2.4358, -1.6179e-3
2.4358, -1.524e-3
2.4358, -1.4301e-3
2.4358, -1.3361e-3
2.4357, -1.2422e-3
2.4357, -1.1483e-3
2.4407, -1.0542e-3
2.4405, -9.603e-4
2.4405, -8.6636e-4
2.4405, -7.7243e-4
2.4405, -6.785e-4
2.4405, -5.8456e-4
2.4455, -4.9052e-4
2.4455, -3.9658e-4
2.4455, -3.0265e-4
2.4455, -2.0872e-4
2.4504, -1.1467e-4
2.4504, -2.0733e-5
2.4504, 7.32e-5
2.4553, 1.6725e-4
2.4553, 2.6118e-4
2.4553, 3.5512e-4
2.4553, 4.4905e-4
2.4553, 5.4298e-4
2.4602, 6.3703e-4
2.4602, 7.3096e-4
2.4602, 8.249e-4
2.4602, 9.1883e-4
2.4602, 1.0128e-3
2.4602, 1.1067e-3
2.4651, 1.2007e-3
2.4651, 1.2947e-3
2.4651, 1.3886e-3
2.47, 1.4827e-3
2.47, 1.5766e-3
2.4748, 1.6706e-3
2.4798, 1.7647e-3
2.4798, 1.8586e-3
2.4798, 1.9526e-3
2.4798, 2.0465e-3
2.4798, 2.1404e-3
2.4847, 2.2345e-3
2.4847, 2.3284e-3
2.4847, 2.4223e-3
2.4896, 2.4225e-3
2.4945, 2.4226e-3
2.4994, 2.4227e-3
2.5043, 2.4228e-3
2.5091, 2.4229e-3
2.5142, 2.423e-3
2.5191, 2.4231e-3
2.524, 2.3293e-3
2.5289, 2.3294e-3
2.5338, 2.3296e-3
2.5387, 2.2357e-3
2.5436, 2.1419e-3
2.5436, 2.048e-3
2.5485, 1.9542e-3
2.5534, 1.8604e-3
2.5534, 1.7664e-3
2.5534, 1.6725e-3
2.5534, 1.5786e-3
2.5534, 1.4846e-3
2.5583, 1.3908e-3
2.5583, 1.2969e-3
2.5583, 1.2029e-3
2.5583, 1.109e-3
2.5583, 1.0151e-3
2.5583, 9.2113e-4
2.5632, 8.2732e-4
2.5632, 7.3338e-4
2.5632, 6.3945e-4
2.5632, 5.4552e-4
2.5632, 4.5158e-4
2.5632, 3.5765e-4
2.5682, 2.6383e-4
2.5682, 1.699e-4
2.5682, 7.5965e-5
2.5731, -1.7854e-5
2.5731, -1.1179e-4
2.5779, -2.0561e-4
2.5829, -2.9942e-4
2.5829, -3.9336e-4
2.5829, -4.8729e-4
2.5829, -5.8122e-4
2.5829, -6.7516e-4
2.5878, -7.6898e-4
2.5878, -8.6291e-4
2.5878, -9.5684e-4
2.5878, -1.0508e-3
2.5878, -1.1447e-3
2.5878, -1.2386e-3
2.5927, -1.3325e-3
2.5927, -1.4264e-3
2.5927, -1.5203e-3
2.5927, -1.6143e-3
2.5927, -1.7082e-3
2.5927, -1.8021e-3
2.5976, -1.8959e-3
2.5976, -1.9899e-3
2.5976, -2.0838e-3
2.5976, -2.1777e-3
2.5976, -2.2717e-3
2.5976, -2.3656e-3
2.6025, -2.4594e-3
2.6025, -2.5534e-3
2.6025, -2.6473e-3
2.6025, -2.7412e-3
2.6075, -2.835e-3
2.6075, -2.929e-3
2.6075, -3.0229e-3
2.6124, -3.1167e-3
2.6124, -3.2107e-3
2.6124, -3.3046e-3
2.6124, -3.3985e-3
2.6124, -3.4925e-3
2.6173, -3.5863e-3
2.6173, -3.6802e-3
2.6173, -3.7742e-3
2.6173, -3.8681e-3
2.6173, -3.962e-3
2.6173, -4.056e-3
2.6221, -4.1498e-3
2.6221, -4.2437e-3
2.6221, -4.3376e-3
2.6221, -4.4316e-3
2.6221, -4.5255e-3
2.6221, -4.6194e-3
2.6271, -4.7133e-3
2.6271, -4.8072e-3
2.6271, -4.9011e-3
2.6271, -4.9951e-3
2.6271, -5.089e-3
2.6271, -5.1829e-3
2.632, -5.2767e-3
2.632, -5.3707e-3
2.632, -5.4646e-3
2.632, -5.5585e-3
2.632, -5.6525e-3
2.632, -5.7464e-3
2.6369, -5.8402e-3
2.6369, -5.9342e-3
2.637, -6.0281e-3
2.637, -6.122e-3
2.637, -6.216e-3
2.637, -6.3099e-3
2.6419, -6.4037e-3
2.6419, -6.4976e-3
2.6419, -6.5916e-3
2.6419, -6.6855e-3
2.6419, -6.7794e-3
2.6419, -6.8734e-3
2.6468, -6.9672e-3
2.6468, -7.0611e-3
2.6468, -7.1551e-3
2.6468, -7.249e-3
2.6468, -7.3429e-3
2.6468, -7.4369e-3
2.6468, -7.5308e-3
2.6468, -7.6247e-3
2.6468, -7.7187e-3
2.6468, -7.8126e-3
2.6468, -7.9065e-3
2.6468, -8.0005e-3
2.6517, -8.0943e-3
2.6517, -8.1882e-3
2.6517, -8.2822e-3
2.6517, -8.3761e-3
2.6517, -8.47e-3
2.6517, -8.564e-3
2.6566, -8.6578e-3
2.6566, -8.7517e-3
2.6566, -8.8456e-3
2.6566, -8.9396e-3
2.6566, -9.0335e-3
2.6566, -9.1274e-3
2.6615, -9.2213e-3
2.6615, -9.3152e-3
2.6615, -9.4091e-3
2.6615, -9.5031e-3
2.6615, -9.597e-3
2.6616, -9.6909e-3
2.6616, -9.7849e-3
2.6616, -9.8788e-3
2.6616, -9.9727e-3
2.6616, -0.0101
2.6616, -0.0102
2.6616, -0.0103
2.6665, -0.0103
2.6665, -0.0104
2.6665, -0.0105
2.6665, -0.0106
2.6665, -0.0107
2.6665, -0.0108
2.6714, -0.0109
2.6714, -0.011
2.6714, -0.0111
2.6714, -0.0112
2.6714, -0.0113
2.6714, -0.0114
2.6763, -0.0115
2.6763, -0.0116
2.6763, -0.0117
2.6763, -0.0118
2.6763, -0.0119
2.6763, -0.0119
2.6812, -0.012
2.6812, -0.0121
2.6812, -0.0122
2.6812, -0.0123
2.6812, -0.0124
2.6812, -0.0125
2.6861, -0.0126
2.6861, -0.0127
2.6861, -0.0128
2.6861, -0.0129
2.6861, -0.013
2.6861, -0.0131
2.6911, -0.0132
2.6911, -0.0133
2.6911, -0.0134
2.6911, -0.0134
2.6911, -0.0135
2.6911, -0.0136
2.6911, -0.0137
2.6911, -0.0138
2.6911, -0.0139
2.6911, -0.014
2.6911, -0.0141
2.6911, -0.0142
2.696, -0.0143
2.696, -0.0144
2.696, -0.0145
2.696, -0.0146
2.7008, -0.0147
2.7008, -0.0148
2.7008, -0.0149
2.7058, -0.015
2.7058, -0.015
2.7058, -0.0151
2.7058, -0.0152
2.7058, -0.0153
2.7107, -0.0154
2.7107, -0.0155
2.7107, -0.0156
2.7107, -0.0157
2.7107, -0.0158
2.7107, -0.0159
2.7156, -0.016
2.7156, -0.0161
2.7156, -0.0162
2.7156, -0.0163
2.7156, -0.0164
2.7156, -0.0165
2.7156, -0.0165
2.7156, -0.0166
2.7156, -0.0167
2.7157, -0.0168
2.7157, -0.0169
2.7157, -0.017
2.7157, -0.0171
2.7157, -0.0172
2.7157, -0.0173
2.7157, -0.0174
2.7206, -0.0175
2.7206, -0.0176
2.7206, -0.0177
2.7255, -0.0178
2.7255, -0.0179
2.7255, -0.018
2.7304, -0.018
2.7304, -0.0181
2.7304, -0.0182
2.7353, -0.0183
2.7353, -0.0184
2.7353, -0.0185
2.7353, -0.0186
2.7353, -0.0187
2.7353, -0.0188
2.7353, -0.0189
2.7353, -0.019
2.7353, -0.0191
2.7353, -0.0192
2.7353, -0.0193
2.7402, -0.0194
2.7402, -0.0195
2.7402, -0.0196
2.7402, -0.0196
2.745, -0.0197
2.745, -0.0198
2.745, -0.0199
2.7501, -0.02
2.7501, -0.0201
2.7501, -0.0202
2.755, -0.0203
2.755, -0.0204
2.755, -0.0205
2.7599, -0.0206
2.7599, -0.0207
2.7599, -0.0208
2.7599, -0.0209
2.7599, -0.021
2.7648, -0.0211
2.7648, -0.0211
2.7648, -0.0212
2.7648, -0.0213
2.7648, -0.0214
2.7648, -0.0215
2.7697, -0.0216
2.7697, -0.0217
2.7697, -0.0218
2.7697, -0.0219
2.7697, -0.022
2.7697, -0.0221
2.7746, -0.0222
2.7746, -0.0223
2.7746, -0.0224
2.7746, -0.0225
2.7795, -0.0226
2.7795, -0.0227
2.7795, -0.0227
2.7844, -0.0228
2.7844, -0.0229
2.7844, -0.023
2.7844, -0.0231
2.7845, -0.0232
2.7894, -0.0233
2.7894, -0.0234
2.7894, -0.0235
2.7943, -0.0236
2.7992, -0.0236
2.7992, -0.0237
2.8041, -0.0237
2.809, -0.0238
2.8138, -0.0239
2.8188, -0.024
2.8188, -0.0241
2.8237, -0.0242
2.8286, -0.0242
2.8286, -0.0243
2.8335, -0.0243
2.8384, -0.0242
2.8384, -0.0242
2.8433, -0.0241
2.8433, -0.024
2.8433, -0.0239
2.8481, -0.0238
2.8481, -0.0237
2.8531, -0.0236
2.8531, -0.0235
2.858, -0.0234
2.8629, -0.0233
2.8629, -0.0232
2.8678, -0.0231
2.8678, -0.023
2.8727, -0.0229
2.8776, -0.0228
2.8776, -0.0227
2.8776, -0.0226
2.8824, -0.0226
2.8824, -0.0225
2.8824, -0.0224
2.8874, -0.0223
2.8874, -0.0222
2.8874, -0.0221
2.8874, -0.022
2.8874, -0.0219
2.8923, -0.0218
2.8923, -0.0217
2.8923, -0.0216
2.8923, -0.0215
2.8923, -0.0214
2.8923, -0.0213
2.8972, -0.0212
2.8972, -0.0211
2.8972, -0.0211
2.8972, -0.021
2.8972, -0.0209
2.8972, -0.0208
2.9021, -0.0207
2.9021, -0.0206
2.9021, -0.0205
2.9021, -0.0204
2.9021, -0.0203
2.9021, -0.0202
2.907, -0.0201
2.907, -0.02
2.907, -0.0199
2.907, -0.0198
2.907, -0.0197
2.907, -0.0196
2.9119, -0.0195
2.9119, -0.0195
2.9119, -0.0194
2.9119, -0.0193
2.9167, -0.0192
2.9167, -0.0191
2.9167, -0.019
2.9217, -0.0189
2.9217, -0.0188
2.9217, -0.0187
2.9217, -0.0186
2.9217, -0.0185
2.9266, -0.0184
2.9266, -0.0183
2.9266, -0.0182
2.9266, -0.0181
2.9266, -0.018
2.9266, -0.018
2.9315, -0.0179
2.9315, -0.0178
2.9315, -0.0177
2.9315, -0.0176
2.9315, -0.0175
2.9315, -0.0174
2.9364, -0.0173
2.9364, -0.0172
2.9364, -0.0171
2.9364, -0.017
2.9364, -0.0169
2.9364, -0.0168
2.9413, -0.0167
2.9413, -0.0166
2.9413, -0.0165
2.9413, -0.0164
2.9413, -0.0164
2.9413, -0.0163
2.9462, -0.0162
2.9462, -0.0161
2.9462, -0.016
2.9462, -0.0159
2.9462, -0.0158
2.9462, -0.0157
2.951, -0.0156
2.951, -0.0155
2.951, -0.0154
2.951, -0.0153
2.951, -0.0152
2.951, -0.0151
2.951, -0.015
2.951, -0.0149
2.951, -0.0149
2.951, -0.0148
2.951, -0.0147
2.951, -0.0146
2.9559, -0.0145
2.9559, -0.0144
2.9559, -0.0143
2.9559, -0.0142
2.9559, -0.0141
2.9559, -0.014
2.9607, -0.0139
2.9607, -0.0138
2.9607, -0.0137
2.9607, -0.0136
2.9607, -0.0135
2.9607, -0.0134
2.9657, -0.0133
2.9657, -0.0133
2.9657, -0.0132
2.9657, -0.0131
2.9657, -0.013
2.9657, -0.0129
2.9706, -0.0128
2.9706, -0.0127
2.9706, -0.0126
2.9706, -0.0125
2.9706, -0.0124
2.9706, -0.0123
2.9755, -0.0122
2.9755, -0.0121
2.9755, -0.012
2.9755, -0.0119
2.9755, -0.0118
2.9755, -0.0118
2.9804, -0.0117
2.9804, -0.0116
2.9804, -0.0115
2.9804, -0.0114
2.9804, -0.0113
2.9804, -0.0112
2.9853, -0.0111
2.9853, -0.011
2.9853, -0.0109
2.9853, -0.0108
2.9853, -0.0107
2.9853, -0.0106
2.9902, -0.0105
2.9902, -0.0104
2.9902, -0.0103
2.9902, -0.0102
2.9902, -0.0102
2.9902, -0.0101
2.995, -9.9649e-3
2.995, -9.871e-3
2.995, -9.777e-3
2.995, -9.6831e-3
2.995, -9.5892e-3
2.995, -9.4952e-3
2.995, -9.4013e-3
2.995, -9.3074e-3
2.995, -9.2134e-3
2.995, -9.1195e-3
2.995, -9.0256e-3
2.995, -8.9316e-3
3.0, -8.8376e-3
3.0, -8.7436e-3
3.0, -8.6497e-3
3.0, -8.5558e-3
3.0, -8.4618e-3
3.0, -8.3679e-3
3.0049, -8.2739e-3
3.0049, -8.1799e-3
3.0049, -8.086e-3
3.0049, -7.9921e-3
3.0049, -7.8981e-3
3.0049, -7.8042e-3
3.0098, -7.7101e-3
3.0098, -7.6162e-3
3.0098, -7.5223e-3
3.0098, -7.4283e-3
3.0098, -7.3344e-3
3.0098, -7.2405e-3
3.0147, -7.1464e-3
3.0147, -7.0525e-3
3.0147, -6.9586e-3
3.0147, -6.8646e-3
3.0146, -6.7707e-3
3.0146, -6.6768e-3
3.0196, -6.5827e-3
3.0195, -6.4888e-3
3.0195, -6.3948e-3
3.0195, -6.3009e-3
3.0195, -6.207e-3
3.0195, -6.113e-3
3.0195, -6.0191e-3
3.0195, -5.9252e-3
3.0195, -5.8312e-3
3.0195, -5.7373e-3
3.0195, -5.6434e-3
3.0195, -5.5494e-3
3.0244, -5.4554e-3
3.0244, -5.3615e-3
3.0244, -5.2675e-3
3.0244, -5.1736e-3
3.0293, -5.0795e-3
3.0293, -4.9856e-3
3.0293, -4.8917e-3
3.0342, -4.7976e-3
3.0342, -4.7037e-3
3.0342, -4.6098e-3
3.0342, -4.5158e-3
3.0342, -4.4219e-3
3.0391, -4.3278e-3
3.0391, -4.2339e-3
3.0391, -4.14e-3
3.0391, -4.046e-3
3.0391, -3.9521e-3
3.0391, -3.8582e-3
3.044, -3.7641e-3
3.044, -3.6702e-3
3.044, -3.5763e-3
3.044, -3.4823e-3
3.044, -3.3884e-3
3.044, -3.2945e-3
3.0489, -3.2004e-3
3.0489, -3.1065e-3
3.0489, -3.0126e-3
3.0489, -2.9186e-3
3.0489, -2.8247e-3
3.0489, -2.7307e-3
3.0538, -2.6367e-3
3.0538, -2.5428e-3
3.0538, -2.4488e-3
3.0538, -2.3549e-3
3.0538, -2.261e-3
3.0538, -2.167e-3
3.0587, -2.073e-3
3.0587, -1.9791e-3
3.0587, -1.8851e-3
3.0587, -1.7912e-3
3.0587, -1.6973e-3
3.0587, -1.6033e-3
3.0636, -1.5093e-3
3.0636, -1.4153e-3
3.0636, -1.3214e-3
3.0636, -1.2275e-3
3.0636, -1.1335e-3
3.0636, -1.0396e-3
3.0685, -9.4555e-4
3.0685, -8.5162e-4
3.0685, -7.5769e-4
3.0685, -6.6375e-4
3.0734, -5.6971e-4
3.0734, -4.7577e-4
3.0734, -3.8184e-4
3.0783, -2.8779e-4
3.0783, -1.9386e-4
3.0783, -9.9923e-5
3.0783, -5.9896e-6
3.0783, 8.7944e-5
3.0832, 1.8199e-4
3.0832, 2.7593e-4
3.0832, 3.6986e-4
3.0832, 4.6379e-4
3.0832, 5.5773e-4
3.0832, 6.5166e-4
3.0881, 7.4571e-4
3.0881, 8.3964e-4
3.0881, 9.3357e-4
3.0881, 1.0275e-3
3.093, 1.1216e-3
3.093, 1.2155e-3
3.093, 1.3094e-3
3.0979, 1.4035e-3
3.0979, 1.4974e-3
3.1028, 1.5915e-3
3.1028, 1.6854e-3
3.1077, 1.7794e-3
3.1126, 1.8735e-3
3.1126, 1.9674e-3
3.1175, 2.0615e-3
3.1175, 2.1554e-3
3.1224, 2.2494e-3
3.1273, 2.3435e-3
3.1273, 2.4374e-3
3.1322, 2.4375e-3
3.1371, 2.5316e-3
3.142, 2.5317e-3
3.1469, 2.5318e-3
3.1518, 2.6259e-3
3.1567, 2.626e-3
3.1567, 2.7199e-3
3.1616, 2.6261e-3
3.1665, 2.5323e-3
3.1616, 2.6261e-3
3.1616, 2.5322e-3
3.1665, 2.4384e-3
3.1665, 2.3444e-3
3.1665, 2.2505e-3
3.1714, 2.1567e-3
3.1714, 2.0627e-3
3.1763, 1.9689e-3
3.1763, 1.875e-3
3.1812, 1.8751e-3
3.1812, 1.7812e-3
3.1812, 1.6872e-3
3.1812, 1.5933e-3
3.1812, 1.4994e-3
3.1813, 1.4054e-3
3.1813, 1.3115e-3
3.1813, 1.2176e-3
3.1813, 1.1236e-3
3.1862, 1.0298e-3
3.1862, 9.3588e-4
3.1862, 8.4195e-4
3.1911, 7.4813e-4
3.1911, 6.5419e-4
3.196, 5.6038e-4
3.196, 4.6644e-4
3.2009, 3.7262e-4
3.2058, 2.7881e-4
3.2058, 1.8487e-4
3.2058, 9.0939e-5
3.2058, -2.9948e-6
3.2058, -9.6928e-5
3.2107, -1.9075e-4
3.2107, -2.8468e-4
3.2107, -3.7861e-4
3.2107, -4.7255e-4
3.2107, -5.6648e-4
3.2107, -6.6041e-4
3.2156, -7.5423e-4
3.2156, -8.4817e-4
3.2156, -9.421e-4
3.2156, -1.036e-3
3.2156, -1.13e-3
3.2156, -1.2239e-3
3.2205, -1.3177e-3
3.2205, -1.4117e-3
3.2205, -1.5056e-3
3.2206, -1.5995e-3
3.2255, -1.6933e-3
3.2255, -1.7873e-3
3.2255, -1.8812e-3
3.2304, -1.975e-3
3.2304, -2.069e-3
3.2304, -2.1629e-3
3.2304, -2.2568e-3
3.2304, -2.3508e-3
3.2353, -2.4446e-3
3.2353, -2.5385e-3
3.2353, -2.6324e-3
3.2353, -2.7264e-3
3.2353, -2.8203e-3
3.2353, -2.9142e-3
3.2402, -3.0081e-3
3.2402, -3.102e-3
3.2402, -3.1959e-3
3.2402, -3.2899e-3
3.2402, -3.3838e-3
3.2402, -3.4777e-3
3.2451, -3.5715e-3
3.2451, -3.6655e-3
3.2451, -3.7594e-3
3.2451, -3.8533e-3
3.2451, -3.9473e-3
3.2451, -4.0412e-3
3.25, -4.135e-3
3.25, -4.229e-3
3.25, -4.3229e-3
3.25, -4.4168e-3
3.25, -4.5108e-3
3.25, -4.6047e-3
3.2549, -4.6985e-3
3.255, -4.7924e-3
3.255, -4.8864e-3
3.255, -4.9803e-3
3.255, -5.0742e-3
3.255, -5.1682e-3
3.2599, -5.262e-3
3.2599, -5.3559e-3
3.2599, -5.4499e-3
3.2599, -5.5438e-3
3.2599, -5.6377e-3
3.2599, -5.7317e-3
3.2648, -5.8255e-3
3.2648, -5.9194e-3
3.2648, -6.0134e-3
3.2648, -6.1073e-3
3.2648, -6.2012e-3
3.2648, -6.2952e-3
3.2697, -6.389e-3
3.2697, -6.4829e-3
3.2697, -6.5768e-3
3.2697, -6.6708e-3
3.2697, -6.7647e-3
3.2697, -6.8586e-3
3.2746, -6.9525e-3
3.2746, -7.0464e-3
3.2746, -7.1403e-3
3.2746, -7.2343e-3
3.2746, -7.3282e-3
3.2746, -7.4221e-3
3.2746, -7.5161e-3
3.2746, -7.61e-3
3.2746, -7.7039e-3
3.2746, -7.7979e-3
3.2746, -7.8918e-3
3.2746, -7.9857e-3
3.2795, -8.0795e-3
3.2795, -8.1735e-3
3.2795, -8.2674e-3
3.2795, -8.3613e-3
3.2796, -8.4553e-3
3.2796, -8.5492e-3
3.2845, -8.643e-3
3.2845, -8.737e-3
3.2845, -8.8309e-3
3.2845, -8.9248e-3
3.2845, -9.0188e-3
3.2845, -9.1127e-3
3.2894, -9.2065e-3
3.2894, -9.3004e-3
3.2894, -9.3944e-3
3.2894, -9.4883e-3
3.2894, -9.5822e-3
3.2894, -9.6762e-3
3.2943, -9.77e-3
3.2943, -9.8639e-3
3.2943, -9.9579e-3
3.2943, -0.0101
3.2943, -0.0101
3.2943, -0.0102
3.2992, -0.0103
3.2992, -0.0104
3.2992, -0.0105
3.2992, -0.0106
3.2992, -0.0107
3.2992, -0.0108
3.3041, -0.0109
3.3041, -0.011
3.3041, -0.0111
3.3041, -0.0112
3.3041, -0.0113
3.3041, -0.0114
3.309, -0.0115
3.309, -0.0116
3.309, -0.0116
3.309, -0.0117
3.3091, -0.0118
3.3091, -0.0119
3.314, -0.012
3.314, -0.0121
3.314, -0.0122
3.314, -0.0123
3.314, -0.0124
3.314, -0.0125
3.3189, -0.0126
3.3189, -0.0127
3.3189, -0.0128
3.3189, -0.0129
3.3189, -0.013
3.3189, -0.0131
3.3189, -0.0132
3.3189, -0.0132
3.3189, -0.0133
3.3189, -0.0134
3.3189, -0.0135
3.3189, -0.0136
3.3237, -0.0137
3.3237, -0.0138
3.3237, -0.0139
3.3237, -0.014
3.3237, -0.0141
3.3237, -0.0142
3.3287, -0.0143
3.3287, -0.0144
3.3287, -0.0145
3.3287, -0.0146
3.3287, -0.0147
3.3287, -0.0147
3.3336, -0.0148
3.3336, -0.0149
3.3336, -0.015
3.3336, -0.0151
3.3336, -0.0152
3.3336, -0.0153
3.3386, -0.0154
3.3386, -0.0155
3.3386, -0.0156
3.3386, -0.0157
3.3386, -0.0158
3.3386, -0.0159
3.3435, -0.016
3.3435, -0.0161
3.3435, -0.0162
3.3435, -0.0163
3.3435, -0.0163
3.3435, -0.0164
3.3484, -0.0165
3.3484, -0.0166
3.3484, -0.0167
3.3484, -0.0168
3.3484, -0.0169
3.3484, -0.017
3.3533, -0.0171
3.3533, -0.0172
3.3533, -0.0173
3.3533, -0.0174
3.3533, -0.0175
3.3533, -0.0176
3.3533, -0.0177
3.3533, -0.0178
3.3533, -0.0178
3.3533, -0.0179
3.3582, -0.018
3.3582, -0.0181
3.3582, -0.0182
3.3631, -0.0183
3.3631, -0.0184
3.3631, -0.0185
3.3631, -0.0186
3.3631, -0.0187
3.3681, -0.0188
3.3681, -0.0189
3.3681, -0.019
3.3681, -0.0191
3.373, -0.0192
3.373, -0.0193
3.373, -0.0193
3.3779, -0.0194
3.3779, -0.0195
3.3779, -0.0196
3.3779, -0.0197
3.3779, -0.0198
3.3828, -0.0199
3.3828, -0.02
3.3828, -0.0201
3.3828, -0.0202
3.3828, -0.0203
3.3828, -0.0204
3.3877, -0.0205
3.3877, -0.0206
3.3877, -0.0207
3.3877, -0.0208
3.3877, -0.0209
3.3877, -0.0209
3.3877, -0.021
3.3877, -0.0211
3.3877, -0.0212
3.3877, -0.0213
3.3877, -0.0214
3.3877, -0.0215
3.3926, -0.0216
3.3926, -0.0217
3.3926, -0.0218
3.3975, -0.0219
3.3975, -0.022
3.4025, -0.022
3.4025, -0.0221
3.4074, -0.0222
3.4123, -0.0223
3.4123, -0.0224
3.4123, -0.0224
3.4123, -0.0225
3.4172, -0.0226
3.4172, -0.0227
3.4172, -0.0228
3.4172, -0.0229
3.4221, -0.023
3.4221, -0.0231
3.4221, -0.0232
3.427, -0.0233
3.4319, -0.0234
3.4319, -0.0235
3.4368, -0.0236
3.4417, -0.0237
3.4417, -0.0238
3.4466, -0.0239
3.4515, -0.0239
3.4564, -0.0239
3.4614, -0.0239
3.4663, -0.0239
3.4712, -0.0239
3.4761, -0.0239
3.4809, -0.0238
3.4809, -0.0237
3.4859, -0.0236
3.4908, -0.0235
3.4908, -0.0234
3.4908, -0.0235
3.4908, -0.0234
3.4908, -0.0233
3.4908, -0.0232
3.4957, -0.0231
3.4957, -0.023
3.4957, -0.0229
3.4957, -0.0228
3.5006, -0.0227
3.5006, -0.0226
3.5006, -0.0225
3.5055, -0.0224
3.5055, -0.0224
3.5055, -0.0223
3.5055, -0.0222
3.5055, -0.0221
3.5104, -0.022
3.5104, -0.0219
3.5104, -0.0218
3.5104, -0.0217
3.5152, -0.0216
3.5152, -0.0215
3.5152, -0.0214
3.5202, -0.0213
3.5202, -0.0212
3.5202, -0.0211
3.5251, -0.021
3.5251, -0.0209
3.5251, -0.0208
3.53, -0.0208
3.53, -0.0207
3.53, -0.0206
3.5349, -0.0205
3.5349, -0.0204
3.5349, -0.0203
3.5398, -0.0202
3.5398, -0.0201
3.5398, -0.02
3.5396, -0.0199
3.5396, -0.0198
3.5446, -0.0197
3.5446, -0.0196
3.5446, -0.0195
3.5446, -0.0194
3.5446, -0.0193
3.5446, -0.0193
3.5495, -0.0192
3.5495, -0.0191
3.5495, -0.019
3.5495, -0.0189
3.5495, -0.0188
3.5495, -0.0187
3.5544, -0.0186
3.5544, -0.0185
3.5544, -0.0184
3.5544, -0.0183
3.5544, -0.0182
3.5544, -0.0181
3.5593, -0.018
3.5593, -0.0179
3.5593, -0.0178
3.5593, -0.0177
3.5593, -0.0177
3.5593, -0.0176
3.5642, -0.0175
3.5642, -0.0174
3.5642, -0.0173
3.5642, -0.0172
3.5642, -0.0171
3.5642, -0.017
3.5691, -0.0169
3.5691, -0.0168
3.5691, -0.0167
3.5691, -0.0166
3.5691, -0.0165
3.5691, -0.0164
3.5691, -0.0163
3.5691, -0.0162
3.5691, -0.0162
3.5691, -0.0161
3.5691, -0.016
3.5691, -0.0159
3.5739, -0.0158
3.5739, -0.0157
3.5739, -0.0156
3.5739, -0.0155
3.5739, -0.0154
3.5739, -0.0153
3.5789, -0.0152
3.5789, -0.0151
3.5789, -0.015
3.5789, -0.0149
3.5789, -0.0148
3.5789, -0.0147
3.5838, -0.0146
3.5838, -0.0146
3.5838, -0.0145
3.5838, -0.0144
3.5887, -0.0143
3.5887, -0.0142
3.5887, -0.0141
3.5936, -0.014
3.5936, -0.0139
3.5936, -0.0138
3.5936, -0.0137
3.5936, -0.0136
3.5985, -0.0135
3.5985, -0.0134
3.5985, -0.0133
3.5985, -0.0132
3.5985, -0.0131
3.5985, -0.0131
3.6034, -0.013
3.6034, -0.0129
3.6034, -0.0128
3.6034, -0.0127
3.6034, -0.0126
3.6034, -0.0125
3.6034, -0.0124
3.6034, -0.0123
3.6034, -0.0122
3.6034, -0.0121
3.6034, -0.012
3.6034, -0.0119
3.6082, -0.0118
3.6082, -0.0117
3.6082, -0.0116
3.6082, -0.0115
3.6082, -0.0115
3.6082, -0.0114
3.6131, -0.0113
3.6131, -0.0112
3.6131, -0.0111
3.6131, -0.011
3.6131, -0.0109
3.6131, -0.0108
3.6179, -0.0107
3.6179, -0.0106
3.6179, -0.0105
3.6179, -0.0104
3.6179, -0.0103
3.6179, -0.0102
3.6229, -0.0101
3.6229, -0.01
3.6229, -9.9501e-3
3.6229, -9.8562e-3
3.6229, -9.7623e-3
3.6229, -9.6683e-3
3.6278, -9.5743e-3
3.6278, -9.4804e-3
3.6278, -9.3864e-3
3.6278, -9.2925e-3
3.6278, -9.1986e-3
3.6278, -9.1046e-3
3.6327, -9.0106e-3
3.6327, -8.9166e-3
3.6327, -8.8227e-3
3.6327, -8.7288e-3
3.6327, -8.6348e-3
3.6327, -8.5409e-3
3.6376, -8.4469e-3
3.6376, -8.3529e-3
3.6376, -8.259e-3
3.6376, -8.1651e-3
3.6376, -8.0711e-3
3.6376, -7.9772e-3
3.6425, -7.8832e-3
3.6425, -7.7892e-3
3.6425, -7.6953e-3
3.6425, -7.6014e-3
3.6425, -7.5074e-3
3.6425, -7.4135e-3
3.6425, -7.3196e-3
3.6425, -7.2256e-3
3.6425, -7.1317e-3
3.6425, -7.0377e-3
3.6425, -6.9438e-3
3.6425, -6.8499e-3
3.6474, -6.7558e-3
3.6474, -6.6619e-3
3.6474, -6.568e-3
3.6474, -6.474e-3
3.6474, -6.3801e-3
3.6474, -6.2862e-3
3.6522, -6.1921e-3
3.6522, -6.0982e-3
3.6522, -6.0043e-3
3.6522, -5.9103e-3
3.6522, -5.8164e-3
3.6522, -5.7225e-3
3.6522, -5.6285e-3
3.6522, -5.5346e-3
3.6522, -5.4407e-3
3.6522, -5.3467e-3
3.6522, -5.2528e-3
3.6522, -5.1589e-3
3.6572, -5.0648e-3
3.6572, -4.9709e-3
3.6572, -4.8769e-3
3.6572, -4.783e-3
3.6572, -4.6891e-3
3.6572, -4.5951e-3
3.6621, -4.5011e-3
3.6621, -4.4072e-3
3.6621, -4.3132e-3
3.6621, -4.2193e-3
3.6621, -4.1254e-3
3.662, -4.0314e-3
3.667, -3.9374e-3
3.6669, -3.8434e-3
3.6669, -3.7495e-3
3.6669, -3.6556e-3
3.6718, -3.5615e-3
3.6718, -3.4676e-3
3.6718, -3.3737e-3
3.6766, -3.2796e-3
3.6766, -3.1857e-3
3.6766, -3.0917e-3
3.6766, -2.9978e-3
3.6766, -2.9039e-3
3.6816, -2.8098e-3
3.6816, -2.7159e-3
3.6816, -2.622e-3
3.6816, -2.528e-3
3.6816, -2.4341e-3
3.6816, -2.3402e-3
3.6865, -2.2461e-3
3.6865, -2.1522e-3
3.6865, -2.0582e-3
3.6865, -1.9643e-3
3.6865, -1.8704e-3
3.6865, -1.7764e-3
3.6914, -1.6824e-3
3.6914, -1.5885e-3
3.6914, -1.4945e-3
