#DataThief /data/Documents/CU Boulder/Year 1 2014-2015/ASEN 6037 Turbulence/Project_02/data/YuGirimaji_Fig14.png Friday 8-May-2015 12:32:40 AM
0.9021, -0.0286
0.902, -0.0294
0.9625, -0.0301
0.9624, -0.0308
0.9623, -0.0316
0.9623, -0.0323
0.9622, -0.033
0.9621, -0.0338
1.0226, -0.0345
1.0225, -0.0352
1.0225, -0.036
1.0829, -0.0367
1.0828, -0.0374
1.0828, -0.0382
1.0827, -0.0389
1.0826, -0.0397
1.0826, -0.0404
1.0825, -0.0411
1.1429, -0.0419
1.1429, -0.0426
1.1428, -0.0433
1.1427, -0.0441
1.1427, -0.0448
1.1426, -0.0455
1.1425, -0.0463
1.203, -0.047
1.2029, -0.0477
1.2029, -0.0485
1.2028, -0.0492
1.2027, -0.0499
1.2027, -0.0507
1.2631, -0.0514
1.263, -0.0521
1.263, -0.0529
1.2629, -0.0536
1.2628, -0.0543
1.2628, -0.0551
1.2627, -0.0558
1.3232, -0.0565
1.3231, -0.0573
1.323, -0.058
1.323, -0.0588
1.3229, -0.0594
1.3228, -0.0602
1.3833, -0.061
1.3832, -0.0617
1.3831, -0.0624
1.3831, -0.0632
1.383, -0.0639
1.3829, -0.0646
1.3829, -0.0654
1.3828, -0.0661
1.4433, -0.0668
1.4432, -0.0676
1.4431, -0.0683
1.4431, -0.069
1.443, -0.0698
1.4429, -0.0705
1.4429, -0.0712
1.5032, -0.072
1.5032, -0.0727
1.5032, -0.0735
1.503, -0.0742
1.503, -0.0749
1.503, -0.0757
1.5029, -0.0764
1.5028, -0.0771
1.5633, -0.0779
1.5632, -0.0786
1.5631, -0.0793
1.5631, -0.0801
1.563, -0.0808
1.5629, -0.0815
1.6234, -0.0823
1.6233, -0.083
1.6233, -0.0836
1.6232, -0.0845
1.6231, -0.0852
1.6231, -0.0859
1.623, -0.0867
1.6834, -0.0874
1.6834, -0.0881
1.6833, -0.0889
1.6832, -0.0896
1.6832, -0.0904
1.6831, -0.0911
1.683, -0.0918
1.7435, -0.0926
1.7433, -0.0933
1.7433, -0.094
1.7433, -0.0948
1.7431, -0.0955
1.7431, -0.0962
1.8035, -0.097
1.8035, -0.0977
1.8035, -0.0984
1.8034, -0.0992
1.8033, -0.0999
1.8033, -0.1006
1.8032, -0.1014
1.8637, -0.1021
1.8636, -0.1028
1.8635, -0.1036
1.8635, -0.1043
1.8634, -0.1051
1.8633, -0.1058
1.8633, -0.1065
1.8632, -0.1073
1.8631, -0.108
1.9236, -0.1087
1.9235, -0.1095
1.9234, -0.1102
1.9234, -0.1109
1.9233, -0.1117
1.9232, -0.1124
1.9837, -0.1131
1.9836, -0.1139
1.9835, -0.1146
1.9835, -0.1153
1.9834, -0.1161
1.9832, -0.1168
2.0438, -0.1175
2.0437, -0.1183
2.0437, -0.119
2.0436, -0.1197
2.0435, -0.1205
2.104, -0.1212
2.1039, -0.1219
2.1038, -0.1227
2.1038, -0.1234
2.1037, -0.1242
2.1036, -0.1249
2.1036, -0.1256
2.164, -0.1264
2.164, -0.1271
2.1639, -0.1278
2.1638, -0.1286
2.1638, -0.1293
2.1637, -0.13
2.2241, -0.1308
2.2241, -0.1315
2.224, -0.1322
2.2239, -0.133
2.2239, -0.1337
2.2238, -0.1344
2.2843, -0.1352
2.2842, -0.1359
2.2841, -0.1366
2.2841, -0.1374
2.284, -0.1381
2.2839, -0.1389
2.3444, -0.1396
2.3443, -0.1403
2.3442, -0.1411
2.3442, -0.1418
2.3441, -0.1425
2.4045, -0.1433
2.4045, -0.144
2.4043, -0.1447
2.4043, -0.1455
2.4043, -0.1461
2.4647, -0.1469
2.4647, -0.1477
2.4646, -0.1484
2.4645, -0.1491
2.4645, -0.1499
2.4644, -0.1506
2.5248, -0.1513
2.5248, -0.1521
2.5247, -0.1528
2.5852, -0.1535
2.5851, -0.1543
2.585, -0.155
2.585, -0.1557
2.6454, -0.1565
2.6453, -0.1572
2.6453, -0.158
2.6452, -0.1587
2.7057, -0.1594
2.7056, -0.1602
2.7055, -0.1609
2.7055, -0.1616
2.7659, -0.1623
2.7658, -0.1631
2.7658, -0.1638
2.7657, -0.1646
2.826, -0.1653
2.826, -0.166
2.826, -0.1668
2.8864, -0.1675
2.8864, -0.1682
2.8862, -0.169
2.9468, -0.1697
2.9466, -0.1703
3.0072, -0.1712
3.0071, -0.1719
3.0675, -0.1726
3.0675, -0.1734
3.128, -0.1734
3.1279, -0.1741
3.1884, -0.1748
3.1883, -0.1756
3.2488, -0.1756
3.2487, -0.1763
3.2487, -0.177
3.3091, -0.1778
3.3091, -0.1785
3.3695, -0.1792
3.43, -0.18
3.4904, -0.1807
3.5509, -0.1814
3.6114, -0.1814
3.6718, -0.1822
3.7323, -0.1822
3.7928, -0.1822
3.8533, -0.1829
3.9138, -0.1829
3.9743, -0.1829
4.0348, -0.1829
4.0954, -0.1829
4.1559, -0.1829
4.2163, -0.1836
4.2768, -0.1836
4.3373, -0.1836
4.3979, -0.1829
4.4584, -0.1829
4.519, -0.1829
4.5795, -0.1821
4.6401, -0.1821
4.7006, -0.1821
4.761, -0.1821
4.8216, -0.1814
4.8822, -0.1814
4.9428, -0.1806
5.0033, -0.1799
5.0639, -0.1799
5.1244, -0.1791
5.1849, -0.1791
5.2455, -0.1791
5.306, -0.1784
5.3666, -0.1784
5.4271, -0.1784
5.4877, -0.1777
5.5482, -0.1777
5.6088, -0.1769
5.6693, -0.1762
5.7299, -0.1754
5.7904, -0.1754
5.7905, -0.1747
5.851, -0.1747
5.9115, -0.1747
5.9721, -0.174
6.0326, -0.174
6.0932, -0.1732
6.1538, -0.1724
6.2144, -0.1717
6.2749, -0.1717
6.2749, -0.171
6.3355, -0.171
6.396, -0.1703
6.3961, -0.1695
6.4566, -0.1695
6.4567, -0.1688
6.5173, -0.168
6.5779, -0.1673
6.6383, -0.1666
6.6385, -0.1658
6.6989, -0.1658
6.6991, -0.1651
6.7597, -0.1644
6.7597, -0.1636
6.8202, -0.1636
6.8203, -0.1629
6.8204, -0.1621
6.881, -0.1614
6.881, -0.1607
6.8811, -0.1599
6.9417, -0.1592
6.9417, -0.1585
7.0023, -0.1577
7.0024, -0.157
7.0025, -0.1562
7.063, -0.1555
7.0631, -0.1548
7.1237, -0.154
7.1238, -0.1533
7.1238, -0.1526
7.1844, -0.1518
7.1844, -0.1511
7.1844, -0.1504
7.2451, -0.1496
7.2452, -0.1489
7.2453, -0.1482
7.3058, -0.1474
7.3059, -0.1467
7.306, -0.1459
7.3665, -0.1452
7.3666, -0.1445
7.3667, -0.1437
7.4273, -0.143
7.4273, -0.1423
7.4274, -0.1415
7.4275, -0.1408
7.4275, -0.1401
7.4276, -0.1393
7.4882, -0.1386
7.4882, -0.1378
7.4883, -0.1371
7.4884, -0.1364
7.4884, -0.1356
7.4885, -0.1349
7.5491, -0.1342
7.5492, -0.1334
7.5492, -0.1327
7.6098, -0.132
7.6099, -0.1312
7.6099, -0.1305
7.6099, -0.1298
7.6101, -0.129
7.6101, -0.1283
7.6101, -0.1275
7.6707, -0.1268
7.6709, -0.1261
7.6709, -0.1253
7.671, -0.1246
7.6711, -0.1239
7.6711, -0.1231
7.6712, -0.1224
7.7318, -0.1217
7.7318, -0.1209
7.7319, -0.1202
7.732, -0.1195
7.732, -0.1187
7.7321, -0.1179
7.7322, -0.1172
7.7928, -0.1165
7.7928, -0.1158
7.7929, -0.115
7.793, -0.1143
7.793, -0.1136
7.7931, -0.1128
7.8537, -0.1121
7.8537, -0.1114
7.8538, -0.1106
7.8538, -0.1099
7.8538, -0.1092
7.854, -0.1084
7.854, -0.1077
7.854, -0.1069
7.9146, -0.1062
7.9148, -0.1055
7.9148, -0.1047
7.9149, -0.104
7.915, -0.1033
7.915, -0.1025
7.9756, -0.1018
7.9757, -0.1011
7.9758, -0.1003
7.9758, -0.0996
7.9759, -0.0989
7.976, -0.0981
7.976, -0.0974
7.9761, -0.0966
7.9762, -0.0959
8.0367, -0.0952
8.0368, -0.0944
8.0369, -0.0937
8.0369, -0.093
8.037, -0.0922
8.0371, -0.0915
8.0371, -0.0908
8.0372, -0.09
8.0373, -0.0893
8.0979, -0.0886
8.0979, -0.0878
8.098, -0.0871
8.0981, -0.0863
8.0981, -0.0856
8.0982, -0.0849
8.0983, -0.0841
8.0983, -0.0834
8.0984, -0.0827
8.159, -0.0819
8.159, -0.0812
8.1591, -0.0805
8.1592, -0.0796
8.1592, -0.079
8.1593, -0.0783
8.1594, -0.0775
8.1594, -0.0768
8.1595, -0.0761
8.1596, -0.0753
8.1596, -0.0746
8.2202, -0.0738
8.2203, -0.0731
8.2204, -0.0724
8.2204, -0.0716
8.2205, -0.0709
8.2206, -0.0702
8.2206, -0.0694
8.2207, -0.0687
8.2208, -0.068
8.2208, -0.0672
8.2814, -0.0665
8.2814, -0.0658
8.2814, -0.065
8.2816, -0.0643
8.2817, -0.0635
8.2817, -0.0628
8.2818, -0.0621
8.2819, -0.0613
8.2819, -0.0606
8.282, -0.0599
8.2821, -0.0591
8.2821, -0.0584
8.3427, -0.0577
8.3428, -0.0569
8.3429, -0.0562
8.3429, -0.0555
8.343, -0.0547
8.3431, -0.054
8.3431, -0.0532
8.3432, -0.0525
8.3433, -0.0518
8.3433, -0.051
8.3434, -0.0503
8.3435, -0.0496
8.404, -0.0488
8.4041, -0.0481
8.4042, -0.0474
8.4042, -0.0466
8.4043, -0.0459
8.4043, -0.0452
8.4043, -0.0444
8.4045, -0.0437
8.4046, -0.0429
8.4046, -0.0422
8.4047, -0.0415
8.4653, -0.0407
8.4654, -0.04
8.4654, -0.0393
8.4655, -0.0385
8.4656, -0.0378
8.4656, -0.0371
8.4657, -0.0363
8.4658, -0.0356
8.4658, -0.0349
8.4659, -0.0341
8.466, -0.0334
8.466, -0.0327
8.5266, -0.0319
8.5267, -0.0312
8.5267, -0.0304
8.5268, -0.0297
8.5269, -0.029
8.5269, -0.0282
8.527, -0.0275
8.5271, -0.0268
8.5271, -0.026
8.5272, -0.0253
8.5272, -0.0246
8.5272, -0.0238
8.5878, -0.0231
8.588, -0.0224
8.588, -0.0216
8.588, -0.0209
8.5882, -0.0201
8.5883, -0.0194
8.5883, -0.0187
8.5884, -0.0179
8.5885, -0.0172
8.5885, -0.0165
8.5886, -0.0157
8.6492, -0.015
8.6492, -0.0143
8.6493, -0.0135
8.6494, -0.0128
8.6494, -0.0121
8.6495, -0.0113
8.6496, -0.0106
8.6496, -9.8489e-3
8.6497, -9.1136e-3
8.6498, -8.3783e-3
8.6498, -7.643e-3
8.6499, -6.9077e-3
8.7105, -6.1693e-3
8.7106, -5.434e-3
8.7106, -4.6987e-3
8.7107, -3.9634e-3
8.7107, -3.2281e-3
8.7107, -2.4928e-3
8.7109, -1.7575e-3
8.7109, -1.0222e-3
8.7109, -2.8693e-4
8.7111, 4.4836e-4
8.7112, 1.1837e-3
8.7112, 1.919e-3
8.7113, 2.6543e-3
8.7114, 3.3896e-3
8.7114, 4.1249e-3
8.772, 4.8633e-3
8.7721, 5.5986e-3
8.7721, 6.3339e-3
8.7722, 7.0692e-3
8.7723, 7.8045e-3
8.7723, 8.5398e-3
8.7724, 9.2751e-3
8.7725, 0.01
8.7725, 0.0107
8.7726, 0.0115
8.7727, 0.0122
8.7727, 0.013
8.7728, 0.0137
8.7729, 0.0144
8.8334, 0.0152
8.8335, 0.0159
8.8336, 0.0166
8.8336, 0.0174
8.8336, 0.0181
8.8338, 0.0188
8.8338, 0.0196
8.8338, 0.0203
8.834, 0.021
8.834, 0.0218
8.834, 0.0225
8.8342, 0.0232
8.8948, 0.024
8.8948, 0.0247
8.8949, 0.0255
8.895, 0.0262
8.895, 0.0269
8.8951, 0.0277
8.8952, 0.0284
8.8952, 0.0291
8.8953, 0.0299
8.8954, 0.0306
8.8954, 0.0313
8.956, 0.0321
8.9561, 0.0328
8.9561, 0.0335
8.9562, 0.0343
8.9563, 0.035
8.9563, 0.0358
8.9564, 0.0365
8.9565, 0.0372
8.9565, 0.038
8.9566, 0.0387
8.9567, 0.0394
8.9567, 0.0402
8.9567, 0.0409
9.0174, 0.0416
9.0175, 0.0424
9.0175, 0.0431
9.0176, 0.0438
9.0177, 0.0446
9.0177, 0.0453
9.0178, 0.0461
9.0179, 0.0468
9.0179, 0.0475
9.018, 0.0483
9.0181, 0.049
9.0181, 0.0497
9.0182, 0.0505
9.0788, 0.0512
9.0788, 0.0519
9.0789, 0.0527
9.079, 0.0534
9.079, 0.0541
9.0791, 0.0549
9.0792, 0.0556
9.0792, 0.0563
9.0793, 0.0571
9.0794, 0.0578
9.0794, 0.0586
9.0795, 0.0593
9.0796, 0.06
9.1402, 0.0608
9.1402, 0.0615
9.1403, 0.0622
9.1404, 0.063
9.1404, 0.0637
9.1405, 0.0644
9.1406, 0.0652
9.1406, 0.0659
9.1407, 0.0666
9.1408, 0.0674
9.1408, 0.0681
9.1409, 0.0689
9.141, 0.0695
9.2015, 0.0703
9.2016, 0.0711
9.2017, 0.0718
9.2017, 0.0725
9.2018, 0.0733
9.2019, 0.074
9.2019, 0.0747
9.202, 0.0755
9.2021, 0.0762
9.2021, 0.0769
9.2022, 0.0777
9.2023, 0.0784
9.2629, 0.0792
9.2629, 0.0799
9.263, 0.0806
9.2631, 0.0814
9.2631, 0.0821
9.2631, 0.0828
9.2633, 0.0836
9.2633, 0.0843
9.2634, 0.085
9.2635, 0.0858
9.2635, 0.0865
9.3241, 0.0872
9.3242, 0.088
9.3242, 0.0887
9.3243, 0.0895
9.3244, 0.0902
9.3244, 0.0909
9.3245, 0.0917
9.3246, 0.0924
9.3246, 0.0931
9.3247, 0.0939
9.3248, 0.0946
9.3854, 0.0953
9.3854, 0.0961
9.3855, 0.0968
9.3856, 0.0975
9.3856, 0.0983
9.3857, 0.099
9.3858, 0.0997
9.3858, 0.1005
9.3859, 0.1012
9.386, 0.102
9.386, 0.1027
9.4466, 0.1034
9.4466, 0.1042
9.4466, 0.1049
9.4468, 0.1056
9.4469, 0.1064
9.4469, 0.1071
9.447, 0.1078
9.4471, 0.1086
9.4471, 0.1093
9.4472, 0.11
9.4473, 0.1108
9.4473, 0.1115
9.5079, 0.1123
9.508, 0.113
9.5081, 0.1137
9.5081, 0.1145
9.5082, 0.1152
9.5083, 0.1159
9.5083, 0.1167
9.5084, 0.1174
9.569, 0.1181
9.569, 0.1189
9.5691, 0.1196
9.5692, 0.1203
9.5692, 0.1211
9.5693, 0.1218
9.5694, 0.1226
9.5694, 0.1233
9.5695, 0.124
9.6301, 0.1248
9.6301, 0.1255
9.6301, 0.1262
9.6303, 0.127
9.6303, 0.1277
9.6303, 0.1284
9.6305, 0.1292
9.6306, 0.1299
9.6306, 0.1306
9.6912, 0.1314
9.6913, 0.132
9.6913, 0.1329
9.6914, 0.1336
9.6915, 0.1343
9.6915, 0.1351
9.6916, 0.1358
9.6917, 0.1365
9.6917, 0.1373
9.7523, 0.138
9.7524, 0.1387
9.7524, 0.1395
9.7525, 0.1402
9.7526, 0.1409
9.7526, 0.1417
9.7527, 0.1424
9.7528, 0.1431
9.8134, 0.1439
9.8134, 0.1446
9.8135, 0.1454
9.8136, 0.1461
9.8136, 0.1468
9.8136, 0.1476
9.8742, 0.1482
9.8742, 0.149
9.8744, 0.1498
9.8745, 0.1505
9.8745, 0.1512
9.8746, 0.152
9.8747, 0.1527
9.8747, 0.1534
9.9353, 0.1542
9.9354, 0.1549
9.9355, 0.1557
9.9355, 0.1564
9.9356, 0.1571
9.9357, 0.1579
9.9962, 0.1586
9.9963, 0.1593
9.9964, 0.1601
9.9964, 0.1608
9.9965, 0.1615
9.9966, 0.1623
10.0572, 0.163
10.0572, 0.1638
10.0573, 0.1645
10.0574, 0.1652
10.0574, 0.166
10.1179, 0.1667
10.1181, 0.1674
10.1181, 0.1682
10.1787, 0.1689
10.1788, 0.1696
10.1789, 0.1703
10.1789, 0.1711
10.179, 0.1718
10.1791, 0.1726
10.2396, 0.1733
10.2397, 0.1741
10.2398, 0.1748
10.3004, 0.1755
10.3004, 0.1763
10.3005, 0.177
10.3611, 0.1777
10.3611, 0.1785
10.3612, 0.1792
10.4218, 0.1799
10.4218, 0.1807
10.4219, 0.1814
10.4825, 0.1822
10.4826, 0.1829
10.4826, 0.1836
10.5432, 0.1844
10.5433, 0.1851
10.6038, 0.1858
10.6644, 0.1865
10.6644, 0.1873
10.725, 0.1881
10.7252, 0.1888
10.7856, 0.1895
10.8463, 0.1895
10.8463, 0.1903
10.9068, 0.1903
10.9673, 0.1903
11.0279, 0.191
11.0884, 0.191
11.149, 0.191
11.2094, 0.1903
11.2699, 0.1903
11.3304, 0.1903
11.3909, 0.1896
11.4514, 0.1896
11.5119, 0.1896
11.5724, 0.1888
11.6329, 0.1888
11.6933, 0.1881
11.7538, 0.1874
11.8143, 0.1874
11.8747, 0.1865
11.9352, 0.1865
11.9957, 0.1859
12.0562, 0.1859
12.0561, 0.1852
12.1167, 0.1852
12.1771, 0.1844
12.2376, 0.1837
12.298, 0.183
12.3585, 0.183
12.3584, 0.1823
12.419, 0.1823
12.4794, 0.1815
12.5399, 0.1815
12.5399, 0.1808
12.6004, 0.1808
12.6608, 0.1801
12.6608, 0.1793
12.7213, 0.1793
12.7212, 0.1786
12.7816, 0.1779
12.842, 0.1771
12.9024, 0.1764
12.9024, 0.1757
12.963, 0.1757
12.9628, 0.1749
13.0234, 0.1742
13.0233, 0.1735
13.0838, 0.1735
13.0838, 0.1727
13.0836, 0.172
13.1441, 0.1713
13.2046, 0.1705
13.2045, 0.1698
13.265, 0.1698
13.265, 0.1691
13.2649, 0.1683
13.3253, 0.1676
13.3253, 0.1669
13.3252, 0.1661
13.3857, 0.1654
13.3856, 0.1647
13.3855, 0.1639
13.446, 0.1632
13.4459, 0.1625
13.4458, 0.1617
13.5063, 0.161
13.5062, 0.1602
13.5062, 0.1595
13.5666, 0.1588
13.5665, 0.1581
13.5665, 0.1573
13.6269, 0.1566
13.6269, 0.1558
13.6268, 0.1551
13.6267, 0.1544
13.6872, 0.1536
13.6871, 0.1529
13.687, 0.1522
13.687, 0.1514
13.6869, 0.1507
13.6867, 0.15
13.7473, 0.1492
13.7471, 0.1485
13.7471, 0.1478
13.7471, 0.147
13.8075, 0.1463
13.8075, 0.1456
13.8074, 0.1448
13.8073, 0.1441
13.8073, 0.1434
13.8072, 0.1426
13.8676, 0.1419
13.8676, 0.1412
13.8675, 0.1404
13.8674, 0.1397
13.8674, 0.1389
13.8673, 0.1381
13.9278, 0.1375
13.9277, 0.1367
13.9276, 0.136
13.9276, 0.1353
13.9275, 0.1345
13.9274, 0.1338
13.9879, 0.1331
13.9878, 0.1323
13.9877, 0.1316
13.9877, 0.1309
13.9876, 0.1301
13.9875, 0.1294
14.048, 0.1287
14.0479, 0.1279
14.0479, 0.1272
14.0478, 0.1265
14.0477, 0.1257
14.0477, 0.125
14.0476, 0.1243
14.0475, 0.1235
14.0475, 0.1228
14.1078, 0.1219
14.1078, 0.1213
14.1078, 0.1206
14.1077, 0.1198
14.1076, 0.1191
14.1076, 0.1184
14.168, 0.1176
14.1679, 0.1169
14.1679, 0.1162
14.1678, 0.1154
14.1677, 0.1147
14.1677, 0.114
14.1676, 0.1132
14.1675, 0.1125
14.228, 0.1118
14.2279, 0.111
14.2279, 0.1103
14.2278, 0.1096
14.2277, 0.1088
14.2277, 0.1081
14.2276, 0.1073
14.2275, 0.1066
14.2275, 0.1059
14.2879, 0.1051
14.2878, 0.1044
14.2878, 0.1037
14.2877, 0.1029
14.2876, 0.1022
14.2876, 0.1015
14.2875, 0.1007
14.2873, 0.1
14.2873, 0.0993
14.2873, 0.0985
14.2872, 0.0977
14.3477, 0.0971
14.3476, 0.0963
14.3476, 0.0956
14.3475, 0.0949
14.3474, 0.0941
14.3474, 0.0934
14.3473, 0.0927
14.3472, 0.0919
14.3472, 0.0912
14.3471, 0.0904
14.4075, 0.0897
14.4075, 0.089
14.4074, 0.0882
14.4073, 0.0875
14.4073, 0.0868
14.4072, 0.086
14.4071, 0.0853
14.4071, 0.0846
14.407, 0.0838
14.4069, 0.0831
14.4674, 0.0824
14.4673, 0.0816
14.4673, 0.0809
14.4672, 0.0802
14.4671, 0.0794
14.4671, 0.0787
14.467, 0.078
14.4668, 0.0772
14.4668, 0.0765
14.4668, 0.0757
14.4667, 0.075
14.5272, 0.0743
14.5271, 0.0735
14.527, 0.0728
14.527, 0.0721
14.5269, 0.0713
14.5268, 0.0706
14.5268, 0.0699
14.5267, 0.0691
14.5266, 0.0684
14.5266, 0.0677
14.5265, 0.0669
14.5264, 0.0662
14.5869, 0.0655
14.5868, 0.0647
14.5867, 0.064
14.5867, 0.0633
14.5866, 0.0625
14.5865, 0.0618
14.5865, 0.061
14.5864, 0.0603
14.5863, 0.0596
14.5863, 0.0588
14.5862, 0.0581
14.5861, 0.0574
14.5861, 0.0566
14.6465, 0.0559
14.6465, 0.0552
14.6463, 0.0544
14.6463, 0.0537
14.6463, 0.053
14.6461, 0.0522
14.6461, 0.0515
14.6461, 0.0508
14.646, 0.05
14.6459, 0.0493
14.6459, 0.0485
14.6458, 0.0478
14.6457, 0.0471
14.6457, 0.0463
14.6456, 0.0456
14.706, 0.0449
14.706, 0.0441
14.7059, 0.0434
14.7058, 0.0427
14.7058, 0.0419
14.7057, 0.0412
14.7056, 0.0405
14.7056, 0.0397
14.7055, 0.039
14.7054, 0.0383
14.7054, 0.0375
14.7053, 0.0368
14.7052, 0.0361
14.7657, 0.0352
14.7656, 0.0346
14.7656, 0.0338
14.7654, 0.0331
14.7654, 0.0324
14.7654, 0.0316
14.7652, 0.0309
14.7652, 0.0302
14.7652, 0.0294
14.7651, 0.0287
14.765, 0.028
14.765, 0.0272
14.8254, 0.0265
14.8253, 0.0258
14.8253, 0.025
14.8252, 0.0243
14.8251, 0.0236
14.8251, 0.0228
14.825, 0.0221
14.8249, 0.0214
14.8249, 0.0206
14.8248, 0.0199
14.8247, 0.0191
14.8247, 0.0184
14.8246, 0.0177
14.8245, 0.0169
14.885, 0.0162
14.8849, 0.0155
14.8848, 0.0147
14.8848, 0.014
14.8847, 0.0133
14.8846, 0.0125
14.8846, 0.0118
14.8845, 0.0111
14.8843, 0.0103
14.8843, 9.5896e-3
14.8843, 8.8543e-3
14.8841, 8.119e-3
14.8841, 7.3837e-3
14.8841, 6.6484e-3
14.884, 5.9131e-3
14.9445, 5.181e-3
14.9444, 4.4457e-3
14.9444, 3.7104e-3
14.9443, 2.9751e-3
14.9442, 2.2398e-3
14.9442, 1.5045e-3
14.9441, 7.6918e-4
14.944, 3.3884e-5
14.944, -7.0141e-4
14.9439, -1.4367e-3
14.9438, -2.172e-3
14.9438, -2.9073e-3
14.9437, -3.6426e-3
14.9436, -4.3779e-3
15.0041, -5.1101e-3
15.004, -5.8454e-3
15.0039, -6.5807e-3
15.0039, -7.316e-3
15.0038, -8.0513e-3
15.0037, -8.7866e-3
15.0037, -9.5219e-3
15.0036, -0.0103
15.0035, -0.011
15.0035, -0.0117
15.0034, -0.0125
15.0033, -0.0132
15.0033, -0.0139
15.0032, -0.0147
15.0031, -0.0154
15.0636, -0.0161
15.0635, -0.0169
15.0635, -0.0176
15.0634, -0.0183
15.0633, -0.0191
15.0633, -0.0198
15.0632, -0.0205
15.0631, -0.0213
15.0631, -0.022
15.063, -0.0228
15.0629, -0.0235
15.0629, -0.0242
15.0628, -0.025
15.0627, -0.0257
15.0627, -0.0264
15.0626, -0.0272
15.0625, -0.0279
15.123, -0.0286
15.1229, -0.0294
15.1228, -0.0301
15.1228, -0.0308
15.1227, -0.0316
15.1226, -0.0323
15.1226, -0.033
15.1225, -0.0338
15.1224, -0.0345
15.1224, -0.0352
15.1223, -0.036
15.1222, -0.0367
15.1222, -0.0375
15.1221, -0.0382
15.1219, -0.0389
15.1825, -0.0397
15.1824, -0.0404
15.1823, -0.0411
15.1823, -0.0419
15.1822, -0.0426
15.1821, -0.0433
15.1821, -0.0441
15.182, -0.0448
15.1819, -0.0455
15.1819, -0.0463
15.1818, -0.047
15.1817, -0.0477
15.1817, -0.0485
15.1816, -0.0492
15.1815, -0.05
15.242, -0.0507
15.2419, -0.0514
15.2419, -0.0522
15.2418, -0.0529
15.2417, -0.0536
15.2417, -0.0544
15.2416, -0.0551
15.2415, -0.0558
15.2415, -0.0566
15.2414, -0.0573
15.2413, -0.058
15.2413, -0.0588
15.2412, -0.0594
15.2411, -0.0602
15.2411, -0.061
15.3014, -0.0617
15.3014, -0.0624
15.3014, -0.0632
15.3013, -0.0639
15.3012, -0.0647
15.3012, -0.0654
15.3011, -0.0661
15.301, -0.0669
15.301, -0.0676
15.3009, -0.0683
15.3008, -0.0691
15.3008, -0.0698
15.3007, -0.0705
15.3006, -0.0713
15.3006, -0.072
15.361, -0.0727
15.361, -0.0735
15.3609, -0.0742
15.3608, -0.0749
15.3608, -0.0757
15.3607, -0.0764
15.3606, -0.0772
15.3606, -0.0779
15.3605, -0.0786
15.3604, -0.0794
15.3604, -0.0801
15.3603, -0.0808
15.3602, -0.0816
15.3602, -0.0823
15.3601, -0.083
15.4205, -0.0838
15.4205, -0.0845
15.4203, -0.0852
15.4203, -0.086
15.4203, -0.0867
15.4202, -0.0874
15.4201, -0.0882
15.4201, -0.0889
15.42, -0.0896
15.4199, -0.0904
15.4199, -0.0911
15.4198, -0.0919
15.4197, -0.0926
15.4197, -0.0933
15.4801, -0.0941
15.48, -0.0948
15.48, -0.0955
15.4799, -0.0963
15.4798, -0.097
15.4798, -0.0977
15.4797, -0.0985
15.4796, -0.0992
15.4796, -0.0999
15.4795, -0.1007
15.4794, -0.1014
15.5399, -0.1021
15.5398, -0.1029
15.5398, -0.1036
15.5396, -0.1043
15.5396, -0.1051
15.5396, -0.1058
15.5394, -0.1066
15.5394, -0.1073
15.5394, -0.108
15.5393, -0.1088
15.5392, -0.1095
15.5997, -0.1102
15.5996, -0.111
15.5995, -0.1117
15.5995, -0.1124
15.5994, -0.1132
15.5993, -0.1139
15.5993, -0.1146
15.5992, -0.1154
15.5991, -0.1161
15.5991, -0.1168
15.599, -0.1176
15.5989, -0.1183
15.6594, -0.119
15.6593, -0.1198
15.6593, -0.1205
15.6592, -0.1213
15.6591, -0.1219
15.6591, -0.1227
15.659, -0.1235
15.6589, -0.1242
15.6589, -0.1249
15.6588, -0.1257
15.6587, -0.1264
15.6587, -0.1271
15.6585, -0.1279
15.6585, -0.1286
15.7189, -0.1293
15.7189, -0.1301
15.7187, -0.1308
15.7187, -0.1315
15.7187, -0.1323
15.7186, -0.133
15.7186, -0.1337
15.7185, -0.1345
15.7184, -0.1352
15.7184, -0.136
15.7183, -0.1367
15.7788, -0.1374
15.7787, -0.1381
15.7786, -0.1389
15.7786, -0.1396
15.7785, -0.1404
15.7784, -0.1411
15.7784, -0.1418
15.7783, -0.1426
15.7782, -0.1433
15.7782, -0.144
15.8386, -0.1448
15.8385, -0.1455
15.8385, -0.1461
15.8384, -0.147
15.8383, -0.1477
15.8383, -0.1484
15.8382, -0.1492
15.838, -0.1499
15.838, -0.1507
15.838, -0.1514
15.8984, -0.1521
15.8984, -0.1529
15.8982, -0.1536
15.8982, -0.1543
15.8982, -0.1551
15.8981, -0.1558
15.898, -0.1565
15.898, -0.1573
15.8979, -0.158
15.9584, -0.1587
15.9583, -0.1595
15.9582, -0.1602
15.9582, -0.1609
15.9581, -0.1617
15.958, -0.1623
15.958, -0.1631
15.9579, -0.1639
15.9578, -0.1646
16.0183, -0.1654
16.0182, -0.1661
16.0181, -0.1668
16.0181, -0.1676
16.018, -0.1683
16.0179, -0.169
16.0179, -0.1698
16.0783, -0.1705
16.0783, -0.1712
16.0782, -0.172
16.0781, -0.1727
16.0781, -0.1734
16.078, -0.1742
16.0779, -0.1749
16.0779, -0.1756
16.1383, -0.1764
16.1381, -0.1771
16.1381, -0.1778
16.1381, -0.1786
16.138, -0.1793
16.138, -0.1801
16.1379, -0.1808
16.1983, -0.1815
16.1983, -0.1823
16.1982, -0.183
16.1981, -0.1837
16.1981, -0.1844
16.2585, -0.1852
16.2585, -0.1859
16.2584, -0.1867
16.3188, -0.1874
16.3188, -0.1881
16.3187, -0.1889
16.3186, -0.1896
16.3186, -0.1903
16.3185, -0.1911
16.379, -0.1918
16.3789, -0.1925
16.3788, -0.1933
16.4393, -0.194
16.4392, -0.1947
16.4391, -0.1955
16.4996, -0.1962
16.4995, -0.1969
16.4995, -0.1977
16.5598, -0.1984
16.5598, -0.1991
16.6202, -0.1999
16.6202, -0.2006
16.6806, -0.2006
16.6806, -0.2013
16.6806, -0.2021
16.741, -0.2028
16.741, -0.2036
16.8014, -0.2035
16.8618, -0.2043
16.9224, -0.2043
16.9224, -0.205
16.9828, -0.2057
17.0434, -0.2057
17.1039, -0.205
17.1644, -0.205
17.225, -0.2043
17.2854, -0.2043
17.3461, -0.2043
17.4066, -0.2035
17.4672, -0.2028
17.5278, -0.202
17.5884, -0.2013
17.649, -0.2006
17.7095, -0.1998
17.7701, -0.1991
17.8307, -0.1983
17.8308, -0.1976
17.8913, -0.1976
17.8914, -0.1969
17.9519, -0.1961
18.0125, -0.1961
18.0125, -0.1954
18.073, -0.1954
18.1336, -0.1947
18.1942, -0.1939
18.2548, -0.1932
18.3154, -0.1924
18.3759, -0.1917
18.4365, -0.1917
18.4365, -0.191
18.4969, -0.191
18.5575, -0.1902
18.5577, -0.1895
18.6181, -0.1895
18.6183, -0.1887
18.6787, -0.188
18.7393, -0.1873
18.8, -0.1865
18.8605, -0.1865
18.8606, -0.1858
18.9211, -0.1858
18.9817, -0.1851
19.0423, -0.1843
19.1029, -0.1836
19.1634, -0.1828
19.224, -0.1821
19.2241, -0.1814
19.2846, -0.1814
19.2847, -0.1806
19.3452, -0.1799
19.3453, -0.1792
19.4058, -0.1791
19.4059, -0.1784
19.406, -0.1777
19.4665, -0.1769
19.4666, -0.1762
19.5272, -0.1755
19.5878, -0.1747
19.5878, -0.174
19.6484, -0.1733
19.6484, -0.1724
19.709, -0.1718
19.709, -0.171
19.7697, -0.1703
19.7698, -0.1696
19.7698, -0.1688
19.8304, -0.1681
19.8305, -0.1674
19.8306, -0.1666
19.8911, -0.1659
19.8912, -0.1652
19.8913, -0.1644
19.9519, -0.1637
19.9519, -0.1629
19.952, -0.1622
20.0126, -0.1615
20.0126, -0.1607
20.0127, -0.16
20.0733, -0.1593
20.0734, -0.1585
20.0734, -0.1578
20.0735, -0.1571
20.0735, -0.1562
20.1341, -0.1556
20.1342, -0.1548
20.1343, -0.1541
20.1343, -0.1534
20.1344, -0.1526
20.1345, -0.1519
20.1951, -0.1512
20.1951, -0.1504
20.1952, -0.1497
20.1953, -0.149
20.2558, -0.1482
20.2559, -0.1475
20.256, -0.1468
20.256, -0.146
20.2561, -0.1453
20.2562, -0.1445
20.3167, -0.1438
20.3168, -0.1431
20.3169, -0.1423
20.3169, -0.1416
20.317, -0.1409
20.3776, -0.1401
20.3777, -0.1394
20.3777, -0.1387
20.3778, -0.1379
20.3779, -0.1372
20.3779, -0.1365
20.378, -0.1357
20.378, -0.135
20.4386, -0.1342
20.4386, -0.1335
20.4388, -0.1328
20.4388, -0.132
20.4389, -0.1313
20.439, -0.1306
20.4996, -0.1298
20.4996, -0.1291
20.4997, -0.1284
20.4998, -0.1276
20.4998, -0.1269
20.4999, -0.1262
20.5, -0.1254
20.5605, -0.1247
20.5606, -0.1239
20.5607, -0.1232
20.5607, -0.1225
20.5608, -0.1217
20.5609, -0.121
20.5609, -0.1203
20.561, -0.1195
20.5611, -0.1188
20.5611, -0.1181
20.5612, -0.1173
20.6218, -0.1166
20.6219, -0.1159
20.6219, -0.1151
20.6219, -0.1144
20.6221, -0.1136
20.6221, -0.1129
20.6221, -0.1122
20.6223, -0.1114
20.6223, -0.1107
20.6223, -0.11
20.683, -0.1092
20.683, -0.1085
20.6831, -0.1078
20.6832, -0.107
20.6832, -0.1063
20.6833, -0.1056
20.6834, -0.1048
20.6834, -0.1041
20.6835, -0.1033
20.7441, -0.1026
20.7442, -0.1019
20.7442, -0.1011
20.7443, -0.1004
20.7444, -0.0997
20.7444, -0.0989
20.7445, -0.0982
20.7446, -0.0975
20.7446, -0.0967
20.7447, -0.096
20.7448, -0.0953
20.8053, -0.0945
20.8054, -0.0937
20.8054, -0.093
20.8054, -0.0923
20.8056, -0.0916
20.8056, -0.0908
20.8056, -0.0901
20.8058, -0.0894
20.8058, -0.0886
20.8058, -0.0879
20.806, -0.0872
20.8666, -0.0864
20.8667, -0.0857
20.8667, -0.085
20.8668, -0.0842
20.8669, -0.0835
20.8669, -0.0827
20.867, -0.082
20.8671, -0.0813
20.8671, -0.0805
20.8672, -0.0798
20.8673, -0.0791
20.8673, -0.0783
20.8674, -0.0776
20.928, -0.0769
20.928, -0.0761
20.9281, -0.0754
20.9282, -0.0747
20.9282, -0.0739
20.9283, -0.0732
20.9284, -0.0725
20.9284, -0.0717
20.9285, -0.071
20.9285, -0.0702
20.9285, -0.0695
20.9287, -0.0688
20.9893, -0.068
20.9893, -0.0673
20.9893, -0.0666
20.9895, -0.0658
20.9896, -0.0651
20.9896, -0.0644
20.9897, -0.0636
20.9898, -0.0629
20.9898, -0.0622
20.9899, -0.0614
20.99, -0.0607
21.0505, -0.0599
21.0506, -0.0592
21.0507, -0.0585
21.0507, -0.0577
21.0508, -0.057
21.0509, -0.0563
21.0509, -0.0555
21.051, -0.0548
21.0511, -0.0541
21.0511, -0.0533
21.0512, -0.0526
21.0513, -0.0519
21.0513, -0.0511
21.0514, -0.0504
21.112, -0.0496
21.1121, -0.0489
21.1121, -0.0482
21.1122, -0.0474
21.1123, -0.0467
21.1123, -0.046
21.1124, -0.0452
21.1125, -0.0445
21.1125, -0.0438
21.1126, -0.043
21.1127, -0.0423
21.1127, -0.0416
21.1128, -0.0408
21.1734, -0.0401
21.1734, -0.0394
21.1735, -0.0386
21.1736, -0.0379
21.1736, -0.0371
21.1737, -0.0364
21.1738, -0.0357
21.1738, -0.0349
21.1739, -0.0342
21.174, -0.0335
21.174, -0.0327
21.1741, -0.032
21.1742, -0.0313
21.1742, -0.0305
21.1743, -0.0298
21.2349, -0.0291
21.2349, -0.0283
21.2349, -0.0276
21.2351, -0.0268
21.2351, -0.0261
21.2352, -0.0254
21.2353, -0.0246
21.2353, -0.0239
21.2354, -0.0232
21.2355, -0.0224
21.2355, -0.0217
21.2356, -0.021
21.2357, -0.0202
21.2357, -0.0195
21.2358, -0.0188
21.2964, -0.018
21.2965, -0.0173
21.2965, -0.0166
21.2966, -0.0158
21.2967, -0.0151
21.2967, -0.0143
21.2968, -0.0136
21.2969, -0.0129
21.2969, -0.0121
21.297, -0.0114
21.2971, -0.0107
21.2971, -9.9332e-3
21.2972, -9.1979e-3
21.2973, -8.4626e-3
21.2973, -7.7273e-3
21.3578, -6.9889e-3
21.358, -6.2536e-3
21.358, -5.5183e-3
21.358, -4.783e-3
21.3582, -4.0477e-3
21.3582, -3.3124e-3
21.3583, -2.5771e-3
21.3584, -1.8418e-3
21.3584, -1.1066e-3
21.3585, -3.7125e-4
21.3586, 3.6404e-4
21.3586, 1.0993e-3
21.3587, 1.8346e-3
21.3588, 2.5699e-3
21.3588, 3.3052e-3
21.3589, 4.0405e-3
21.4195, 4.7789e-3
21.4196, 5.5142e-3
21.4196, 6.2495e-3
21.4197, 6.9848e-3
21.4198, 7.7201e-3
21.4198, 8.4554e-3
21.4199, 9.1907e-3
21.42, 9.926e-3
21.42, 0.0107
21.4201, 0.0114
21.4202, 0.0121
21.4202, 0.0129
21.4203, 0.0136
21.4203, 0.0143
21.4203, 0.0151
21.4205, 0.0158
21.4811, 0.0165
21.4811, 0.0173
21.4812, 0.018
21.4813, 0.0188
21.4813, 0.0195
21.4814, 0.0202
21.4815, 0.021
21.4815, 0.0217
21.4816, 0.0224
21.4817, 0.0232
21.4817, 0.0239
21.4818, 0.0246
21.4819, 0.0254
21.4819, 0.0261
21.482, 0.0268
21.5426, 0.0276
21.5427, 0.0283
21.5427, 0.029
21.5428, 0.0298
21.5429, 0.0305
21.5429, 0.0313
21.543, 0.032
21.5431, 0.0327
21.5431, 0.0335
21.5432, 0.0342
21.5433, 0.0349
21.5433, 0.0357
21.5434, 0.0364
21.5434, 0.0371
21.5434, 0.0379
21.604, 0.0386
21.6042, 0.0393
21.6042, 0.0401
21.6042, 0.0408
21.6044, 0.0416
21.6044, 0.0423
21.6045, 0.043
21.6046, 0.0438
21.6046, 0.0445
21.6047, 0.0452
21.6048, 0.046
21.6048, 0.0467
21.6049, 0.0474
21.605, 0.0482
21.605, 0.0489
21.6051, 0.0496
21.6657, 0.0504
21.6658, 0.0511
21.6658, 0.0519
21.6659, 0.0526
21.666, 0.0533
21.666, 0.0541
21.6661, 0.0548
21.6662, 0.0555
21.6662, 0.0563
21.6663, 0.057
21.6663, 0.0577
21.6663, 0.0585
21.6665, 0.0592
21.7271, 0.0599
21.7271, 0.0607
21.7271, 0.0614
21.7273, 0.0621
21.7273, 0.0629
21.7274, 0.0636
21.7275, 0.0644
21.7275, 0.0651
21.7276, 0.0658
21.7277, 0.0666
21.7277, 0.0673
21.7278, 0.068
21.7279, 0.0688
21.7279, 0.0695
21.728, 0.0702
21.7886, 0.071
21.7887, 0.0717
21.7887, 0.0724
21.7888, 0.0732
21.7889, 0.0739
21.7889, 0.0747
21.789, 0.0754
21.7891, 0.0761
21.7891, 0.0769
21.7892, 0.0776
21.7893, 0.0783
21.7893, 0.0791
21.7894, 0.0798
21.7894, 0.0805
21.7894, 0.0813
21.85, 0.082
21.8502, 0.0827
21.8502, 0.0835
21.8502, 0.0842
21.8504, 0.0849
21.8504, 0.0857
21.8505, 0.0864
21.8506, 0.0872
21.8506, 0.0879
21.8507, 0.0886
21.8508, 0.0894
21.8508, 0.0901
21.8509, 0.0908
21.851, 0.0916
21.9116, 0.0923
21.9116, 0.093
21.9117, 0.0937
21.9118, 0.0945
21.9118, 0.0952
21.9119, 0.096
21.912, 0.0967
21.912, 0.0975
21.9121, 0.0982
21.9122, 0.0989
21.9122, 0.0997
21.9123, 0.1004
21.9123, 0.1011
21.9123, 0.1019
21.9125, 0.1026
21.9731, 0.1033
21.9731, 0.1041
21.9731, 0.1048
21.9733, 0.1055
21.9733, 0.1063
21.9734, 0.107
21.9735, 0.1077
21.9735, 0.1085
21.9736, 0.1092
21.9737, 0.11
21.9737, 0.1107
21.9738, 0.1114
21.9739, 0.1122
22.0345, 0.1129
22.0345, 0.1136
22.0346, 0.1144
22.0347, 0.1151
22.0347, 0.1158
22.0348, 0.1166
22.0349, 0.1173
22.0349, 0.1179
22.035, 0.1188
22.0351, 0.1195
22.0351, 0.1203
22.0352, 0.121
22.0958, 0.1217
22.0958, 0.1225
22.0959, 0.1232
22.096, 0.1239
22.096, 0.1247
22.0961, 0.1254
22.0962, 0.1261
22.0962, 0.1269
22.0963, 0.1276
22.0964, 0.1283
22.0964, 0.1291
22.0965, 0.1298
22.0966, 0.1305
22.1572, 0.1313
22.1572, 0.132
22.1573, 0.1328
22.1574, 0.1335
22.1574, 0.1342
22.1575, 0.135
22.1576, 0.1357
22.1576, 0.1364
22.1577, 0.1372
22.1578, 0.1379
22.1578, 0.1386
22.1579, 0.1394
22.2185, 0.1401
22.2185, 0.1408
22.2186, 0.1416
22.2187, 0.1423
22.2187, 0.1431
22.2187, 0.1438
22.2189, 0.1445
22.2189, 0.1453
22.219, 0.146
22.2191, 0.1467
22.2796, 0.1475
22.2797, 0.1482
22.2798, 0.1489
22.2798, 0.1497
22.2799, 0.1504
22.28, 0.1511
22.28, 0.1519
22.2801, 0.1526
22.2802, 0.1534
22.2803, 0.1541
22.3408, 0.1548
22.3409, 0.1556
22.341, 0.1562
22.341, 0.157
22.3411, 0.1578
22.3412, 0.1585
22.3412, 0.1592
22.3413, 0.16
22.3414, 0.1607
22.4019, 0.1614
22.402, 0.1622
22.4021, 0.1629
22.4021, 0.1637
22.4022, 0.1644
22.4022, 0.1651
22.4022, 0.1659
22.4024, 0.1666
22.4025, 0.1673
22.4631, 0.1681
22.4631, 0.1688
22.4632, 0.1695
22.4633, 0.1703
22.4633, 0.171
22.4634, 0.1717
22.4635, 0.1724
22.524, 0.1732
22.5241, 0.174
22.5242, 0.1747
22.5242, 0.1754
22.5243, 0.1762
22.5244, 0.1769
22.5244, 0.1776
22.5245, 0.1784
22.5851, 0.1791
22.5852, 0.1798
22.5852, 0.1806
22.5853, 0.1813
22.5854, 0.182
22.5854, 0.1828
22.5855, 0.1835
22.5856, 0.1843
22.6461, 0.185
22.6461, 0.1857
22.6463, 0.1865
22.7069, 0.1872
22.7069, 0.1879
22.7069, 0.1887
22.7071, 0.1894
22.7071, 0.1901
22.7072, 0.1909
22.7678, 0.1916
22.7678, 0.1923
22.7679, 0.1931
22.8285, 0.1938
22.8286, 0.1945
22.8286, 0.1953
22.8892, 0.196
22.8893, 0.1968
22.8893, 0.1975
22.9499, 0.1982
22.95, 0.199
23.0106, 0.1997
23.0711, 0.2005
23.1317, 0.2012
23.1923, 0.2019
23.2528, 0.2019
23.3134, 0.2027
23.3739, 0.2027
23.4344, 0.2027
23.4949, 0.2027
23.5554, 0.2027
23.6159, 0.202
23.6764, 0.202
23.7368, 0.2012
23.7974, 0.2012
23.7973, 0.2005
23.8578, 0.2005
23.9184, 0.2005
23.9788, 0.1998
24.0392, 0.199
24.0997, 0.1983
24.1601, 0.1976
24.2206, 0.1968
24.281, 0.1961
24.3416, 0.1961
24.3415, 0.1954
24.402, 0.1954
24.4624, 0.1945
24.5229, 0.1939
24.5833, 0.1932
24.6438, 0.1924
24.7042, 0.1917
24.7647, 0.191
24.8251, 0.1902
24.8856, 0.1895
24.946, 0.1888
25.0065, 0.1888
25.0065, 0.1881
25.067, 0.1881
25.1274, 0.1873
25.1879, 0.1865
25.2483, 0.1859
25.3088, 0.1851
25.3692, 0.1844
25.4297, 0.1837
25.4901, 0.1829
25.4901, 0.1822
25.5506, 0.1822
25.5505, 0.1815
25.611, 0.1807
25.6714, 0.18
25.6713, 0.1793
25.7318, 0.1785
25.7317, 0.1778
25.7922, 0.1771
25.7921, 0.1763
25.8526, 0.1756
25.8525, 0.1749
25.913, 0.1749
25.9129, 0.1741
25.9129, 0.1734
25.9733, 0.1727
25.9731, 0.1719
25.9731, 0.1712
26.0336, 0.1705
26.0336, 0.1697
26.0335, 0.169
26.0939, 0.1683
26.0939, 0.1675
26.0937, 0.1668
26.1543, 0.1661
26.1542, 0.1653
26.1541, 0.1646
26.2146, 0.1638
26.2145, 0.1631
26.2144, 0.1623
26.2749, 0.1616
26.2748, 0.1609
26.2748, 0.1602
26.2747, 0.1594
26.3351, 0.1587
26.3351, 0.158
26.335, 0.1572
26.3349, 0.1565
26.3349, 0.1558
26.3348, 0.155
26.3952, 0.1543
26.3952, 0.1536
26.3951, 0.1528
26.395, 0.1521
26.395, 0.1514
26.3949, 0.1506
26.4554, 0.1499
26.4553, 0.1492
26.4552, 0.1484
26.4552, 0.1477
26.4551, 0.1469
26.5154, 0.1461
26.5154, 0.1455
26.5154, 0.1447
26.5152, 0.144
26.5152, 0.1433
26.5756, 0.1425
26.5756, 0.1418
26.5756, 0.1411
26.5755, 0.1403
26.5755, 0.1396
26.5754, 0.1389
26.5753, 0.1381
26.6358, 0.1374
26.6357, 0.1367
26.6356, 0.1359
26.6356, 0.1352
26.6355, 0.1345
26.6354, 0.1337
26.6959, 0.133
26.6958, 0.1323
26.6958, 0.1315
26.6957, 0.1308
26.6956, 0.1301
26.6956, 0.1293
26.6955, 0.1286
26.6954, 0.1278
26.7559, 0.1271
26.7558, 0.1264
26.7557, 0.1256
26.7557, 0.1249
26.7556, 0.1242
26.7555, 0.1234
26.7555, 0.1227
26.7553, 0.1219
26.7553, 0.1212
26.8157, 0.1205
26.8157, 0.1198
26.8155, 0.119
26.8155, 0.1183
26.8155, 0.1176
26.8154, 0.1168
26.8154, 0.1161
26.8153, 0.1154
26.8152, 0.1146
26.8757, 0.1139
26.8756, 0.1131
26.8756, 0.1124
26.8755, 0.1117
26.8754, 0.1109
26.8754, 0.1102
26.8753, 0.1095
26.8752, 0.1087
26.8752, 0.108
26.9356, 0.1073
26.9355, 0.1065
26.9355, 0.1058
26.9354, 0.1051
26.9353, 0.1043
26.9353, 0.1036
26.9352, 0.1029
26.9351, 0.1021
26.9351, 0.1014
26.9955, 0.1007
26.9955, 0.0999
26.9954, 0.0992
26.9952, 0.0984
26.9952, 0.0977
26.9952, 0.097
26.995, 0.0962
26.995, 0.0955
26.995, 0.0948
26.9949, 0.094
26.9949, 0.0933
26.9948, 0.0926
26.9947, 0.0918
26.9947, 0.0911
27.0551, 0.0904
27.055, 0.0896
27.055, 0.0889
27.0549, 0.0882
27.0548, 0.0874
27.0548, 0.0867
27.0547, 0.086
27.0546, 0.0852
27.0546, 0.0845
27.0545, 0.0836
27.1149, 0.083
27.1149, 0.0823
27.1148, 0.0815
27.1147, 0.0808
27.1147, 0.0801
27.1146, 0.0793
27.1145, 0.0786
27.1145, 0.0779
27.1144, 0.0771
27.1143, 0.0764
27.1143, 0.0757
27.1142, 0.0749
27.1747, 0.0742
27.1746, 0.0735
27.1745, 0.0727
27.1745, 0.072
27.1743, 0.0713
27.1743, 0.0705
27.1743, 0.0698
27.1742, 0.069
27.1741, 0.0683
27.2346, 0.0676
27.2345, 0.0668
27.2344, 0.0661
27.2344, 0.0654
27.2343, 0.0646
27.2342, 0.0639
27.2342, 0.0632
27.2341, 0.0624
27.234, 0.0617
27.234, 0.061
27.2339, 0.0602
27.2338, 0.0594
27.2338, 0.0588
27.2337, 0.058
27.2336, 0.0573
27.2336, 0.0565
27.294, 0.0558
27.294, 0.0551
27.2939, 0.0543
27.2938, 0.0536
27.2938, 0.0529
27.2937, 0.0521
27.2936, 0.0514
27.2936, 0.0507
27.2934, 0.0499
27.2934, 0.0492
27.2934, 0.0485
27.2933, 0.0477
27.2932, 0.047
27.3537, 0.0463
27.3536, 0.0455
27.3535, 0.0448
27.3535, 0.0441
27.3534, 0.0433
27.3533, 0.0426
27.3533, 0.0418
27.3532, 0.0411
27.3531, 0.0404
27.3531, 0.0396
27.353, 0.0389
27.3529, 0.0382
27.3529, 0.0374
27.3528, 0.0367
27.4132, 0.036
27.4132, 0.0352
27.4131, 0.0345
27.413, 0.0338
27.413, 0.033
27.4129, 0.0323
27.4128, 0.0316
27.4128, 0.0308
27.4127, 0.0301
27.4126, 0.0294
27.4126, 0.0286
27.4125, 0.0279
27.4123, 0.0271
27.4123, 0.0264
27.4123, 0.0257
27.4122, 0.0249
27.4122, 0.0242
27.4726, 0.0235
27.4726, 0.0227
27.4725, 0.022
27.4724, 0.0213
27.4724, 0.0205
27.4723, 0.0198
27.4722, 0.0191
27.4722, 0.0183
27.4721, 0.0176
27.472, 0.0169
27.472, 0.0161
27.4719, 0.0154
27.4718, 0.0146
27.4718, 0.0139
27.4717, 0.0132
27.5321, 0.0124
27.5321, 0.0117
27.532, 0.011
27.5319, 0.0102
27.5319, 9.5053e-3
27.5318, 8.77e-3
27.5316, 8.0347e-3
27.5316, 7.2994e-3
27.5316, 6.5641e-3
27.5314, 5.8288e-3
27.5314, 5.0935e-3
27.5314, 4.3582e-3
27.5312, 3.6229e-3
27.5312, 2.8876e-3
27.5312, 2.1523e-3
27.5311, 1.417e-3
27.5311, 6.8175e-4
27.531, -5.3551e-5
27.5309, -7.8885e-4
27.5914, -1.521e-3
27.5913, -2.2563e-3
27.5913, -2.9916e-3
27.5912, -3.7269e-3
27.5911, -4.4622e-3
27.5911, -5.1975e-3
27.591, -5.9328e-3
27.5909, -6.6681e-3
27.5909, -7.4034e-3
27.5908, -8.1387e-3
27.5907, -8.874e-3
27.5907, -9.6093e-3
27.5906, -0.0103
27.651, -0.0111
27.651, -0.0118
27.6509, -0.0125
27.6508, -0.0133
27.6508, -0.014
27.6507, -0.0148
27.6505, -0.0155
27.6505, -0.0162
27.6505, -0.017
27.6503, -0.0177
27.6503, -0.0184
27.6503, -0.0192
27.6502, -0.0199
27.6502, -0.0206
27.6501, -0.0214
27.65, -0.0221
27.65, -0.0228
27.7104, -0.0236
27.7104, -0.0243
27.7103, -0.025
27.7102, -0.0258
27.7101, -0.0265
27.7101, -0.0273
27.71, -0.028
27.7099, -0.0287
27.7099, -0.0295
27.7098, -0.0302
27.7097, -0.0309
27.7097, -0.0317
27.7096, -0.0324
27.7095, -0.0331
27.7095, -0.0339
27.7094, -0.0346
27.7093, -0.0352
27.7698, -0.0361
27.7697, -0.0368
27.7697, -0.0375
27.7696, -0.0383
27.7694, -0.039
27.7694, -0.0397
27.7694, -0.0405
27.7692, -0.0412
27.7692, -0.042
27.7692, -0.0427
27.7691, -0.0434
27.7691, -0.0442
27.769, -0.0449
27.7689, -0.0456
27.7689, -0.0464
27.7688, -0.0471
27.7687, -0.0478
27.8292, -0.0486
27.8291, -0.0493
27.829, -0.05
27.829, -0.0508
27.8289, -0.0515
27.8288, -0.0522
27.8288, -0.053
27.8287, -0.0537
27.8286, -0.0544
27.8286, -0.0552
27.8285, -0.0559
27.8284, -0.0567
27.8284, -0.0574
27.8283, -0.0581
27.8282, -0.0589
27.8887, -0.0596
27.8885, -0.0603
27.8885, -0.0611
27.8885, -0.0618
27.8883, -0.0625
27.8883, -0.0633
27.8883, -0.064
27.8881, -0.0647
27.8881, -0.0655
27.8881, -0.0662
27.888, -0.0669
27.888, -0.0677
27.8879, -0.0684
27.8878, -0.0692
27.9483, -0.0699
27.9482, -0.0706
27.9481, -0.0714
27.9481, -0.0721
27.948, -0.0728
27.9479, -0.0735
27.9479, -0.0743
27.9478, -0.075
27.9477, -0.0758
27.9477, -0.0765
27.9476, -0.0772
27.9475, -0.078
27.9475, -0.0787
27.9474, -0.0794
27.9473, -0.0802
27.9473, -0.0809
27.9472, -0.0816
28.0077, -0.0824
28.0076, -0.0831
28.0075, -0.0839
28.0075, -0.0846
28.0074, -0.0853
28.0073, -0.0861
28.0073, -0.0868
28.0072, -0.0875
28.0071, -0.0883
28.007, -0.089
28.007, -0.0897
28.0069, -0.0905
28.0068, -0.0912
28.0068, -0.0919
28.0067, -0.0927
28.0066, -0.0934
28.0066, -0.0941
28.067, -0.0949
28.067, -0.0956
28.0669, -0.0963
28.0668, -0.0971
28.0668, -0.0977
28.0667, -0.0986
28.0666, -0.0993
28.0666, -0.1
28.0665, -0.1008
28.0664, -0.1015
28.0664, -0.1022
28.0663, -0.103
28.0662, -0.1037
28.0662, -0.1044
28.1266, -0.1052
28.1265, -0.1059
28.1265, -0.1066
28.1264, -0.1074
28.1263, -0.1081
28.1263, -0.1088
28.1262, -0.1096
28.1261, -0.1103
28.1261, -0.1111
28.126, -0.1118
28.1259, -0.1125
28.1259, -0.1133
28.1258, -0.114
28.1257, -0.1147
28.1862, -0.1155
28.1861, -0.1162
28.1861, -0.1169
28.186, -0.1177
28.1859, -0.1184
28.1859, -0.1191
28.1858, -0.1199
28.1857, -0.1206
28.1857, -0.1213
28.1856, -0.1221
28.1855, -0.1228
28.1855, -0.1235
28.1854, -0.1243
28.1853, -0.125
28.2458, -0.1258
28.2457, -0.1265
28.2456, -0.1272
28.2456, -0.128
28.2455, -0.1287
28.2454, -0.1294
28.2454, -0.1302
28.2453, -0.1309
28.2452, -0.1316
28.2452, -0.1324
28.2451, -0.1331
28.3056, -0.1338
28.3054, -0.1346
28.3054, -0.1353
28.3054, -0.136
28.3053, -0.1368
28.3052, -0.1375
28.3052, -0.1381
28.3051, -0.139
28.305, -0.1397
28.305, -0.1405
28.3049, -0.1412
28.3048, -0.1419
28.3653, -0.1427
28.3652, -0.1434
28.3651, -0.1441
28.3651, -0.1449
28.365, -0.1456
28.3649, -0.1463
28.3649, -0.1471
28.3648, -0.1478
28.3647, -0.1485
28.3647, -0.1493
28.3646, -0.15
28.3645, -0.1507
28.425, -0.1515
28.4249, -0.1522
28.4248, -0.1529
28.4248, -0.1537
28.4247, -0.1544
28.4245, -0.1552
28.4245, -0.1559
28.4245, -0.1566
28.4243, -0.1574
28.4243, -0.1581
28.4848, -0.1588
28.4848, -0.1596
28.4847, -0.1602
28.4846, -0.161
28.4846, -0.1618
28.4845, -0.1625
28.4844, -0.1632
28.4844, -0.164
28.4843, -0.1647
28.4842, -0.1654
28.5447, -0.1662
28.5446, -0.1669
28.5445, -0.1676
28.5445, -0.1684
28.5444, -0.1691
28.5443, -0.1699
28.5443, -0.1706
28.6047, -0.1713
28.6047, -0.1721
28.6046, -0.1728
28.6045, -0.1735
28.6045, -0.1743
28.6044, -0.175
28.6042, -0.1757
28.6042, -0.1764
28.6646, -0.1772
28.6646, -0.1779
28.6646, -0.1787
28.6644, -0.1794
28.6644, -0.1801
28.6644, -0.1809
28.7248, -0.1816
28.7247, -0.1823
28.7247, -0.1831
28.7246, -0.1838
28.7245, -0.1846
28.7245, -0.1853
28.7244, -0.186
28.7849, -0.1868
28.7848, -0.1875
28.7847, -0.1882
28.7847, -0.189
28.7846, -0.1897
28.7845, -0.1904
28.845, -0.1912
28.8449, -0.1919
28.8448, -0.1926
28.8448, -0.1934
28.9052, -0.1941
28.9052, -0.1948
28.9051, -0.1956
28.905, -0.1963
28.905, -0.197
28.9654, -0.1978
28.9653, -0.1985
28.9653, -0.1992
29.0257, -0.2
29.0257, -0.2006
29.0256, -0.2014
29.086, -0.2022
29.086, -0.2029
29.1464, -0.2036
29.2069, -0.2044
29.2673, -0.2051
29.2671, -0.2058
29.3277, -0.2058
29.3277, -0.2066
29.3881, -0.2066
29.4487, -0.2073
29.5091, -0.2073
29.5697, -0.2073
29.6301, -0.2073
29.6907, -0.2073
29.7511, -0.2073
29.8117, -0.2066
29.8119, -0.2058
29.8723, -0.2058
29.8725, -0.2051
29.933, -0.2051
29.9936, -0.2043
30.0541, -0.2036
30.1147, -0.2029
30.1753, -0.2021
30.2359, -0.2014
30.2359, -0.2006
30.2965, -0.2006
30.2965, -0.1999
30.3571, -0.1992
30.3572, -0.1984
30.4177, -0.1984
30.4178, -0.1977
30.4783, -0.197
30.4784, -0.1962
30.5389, -0.1962
30.539, -0.1955
30.5996, -0.1947
30.6602, -0.194
30.7207, -0.1933
30.7812, -0.1925
30.8418, -0.1918
30.9024, -0.1911
30.963, -0.1903
31.0236, -0.1896
31.0237, -0.1888
31.0843, -0.1881
31.1449, -0.1874
31.2054, -0.1865
31.266, -0.1859
31.3266, -0.1852
31.3872, -0.1844
31.4478, -0.1837
31.5084, -0.1829
31.5084, -0.1822
31.5689, -0.1822
31.569, -0.1815
31.6296, -0.1807
31.6902, -0.18
31.7507, -0.1792
31.7508, -0.1785
31.8113, -0.1785
31.8114, -0.1778
31.8719, -0.177
31.8719, -0.1763
31.9325, -0.1763
31.9325, -0.1756
31.9931, -0.1748
32.0538, -0.1741
32.0539, -0.1734
32.0539, -0.1726
32.1145, -0.1719
32.1146, -0.1711
32.1146, -0.1703
32.1752, -0.1697
32.1753, -0.1689
32.2359, -0.1682
32.2359, -0.1675
32.2964, -0.1675
32.2965, -0.1667
32.2966, -0.166
32.2966, -0.1652
32.3572, -0.1645
32.3573, -0.1638
32.3574, -0.163
32.4179, -0.1623
32.418, -0.1616
32.4181, -0.1608
32.4787, -0.1601
32.4787, -0.1594
32.4788, -0.1586
32.4788, -0.1579
32.4788, -0.1572
32.479, -0.1564
32.5396, -0.1557
32.5396, -0.1549
32.5396, -0.1542
32.6002, -0.1535
32.6004, -0.1527
32.6004, -0.152
32.6005, -0.1513
32.6006, -0.1505
32.6006, -0.1498
32.6612, -0.1491
32.6613, -0.1482
32.6613, -0.1476
32.6614, -0.1468
32.722, -0.1461
32.7221, -0.1454
32.7221, -0.1446
32.7222, -0.1439
32.7223, -0.1432
32.7223, -0.1424
32.7829, -0.1417
32.783, -0.141
32.783, -0.1402
32.7831, -0.1395
32.7832, -0.1388
32.7832, -0.138
32.7833, -0.1373
32.7833, -0.1365
32.7833, -0.1358
32.7835, -0.1351
32.8441, -0.1343
32.8441, -0.1336
32.8441, -0.1329
32.9048, -0.132
32.9049, -0.1314
32.9049, -0.1307
32.905, -0.1299
32.9051, -0.1292
32.9051, -0.1285
32.9052, -0.1277
32.9053, -0.127
32.9658, -0.1262
32.9659, -0.1255
32.966, -0.1248
32.966, -0.124
32.9661, -0.1233
32.9662, -0.1226
32.9662, -0.1218
32.9663, -0.1211
33.0269, -0.1204
33.027, -0.1196
33.027, -0.1189
33.0271, -0.1182
33.0272, -0.1174
33.0272, -0.1167
33.0273, -0.1159
33.0274, -0.1152
33.0274, -0.1145
33.088, -0.1137
33.0881, -0.113
33.0881, -0.1123
33.0882, -0.1115
33.0883, -0.1108
33.0883, -0.1101
33.0884, -0.1093
33.0885, -0.1086
33.0885, -0.1078
33.1491, -0.1071
33.1492, -0.1064
33.1493, -0.1056
33.1493, -0.1049
33.1494, -0.1042
33.1495, -0.1034
33.1495, -0.1027
33.1496, -0.102
33.1497, -0.1012
33.1497, -0.1005
33.2103, -0.0998
33.2104, -0.099
33.2104, -0.0983
33.2105, -0.0976
33.2106, -0.0968
33.2106, -0.0961
33.2107, -0.0953
33.2107, -0.0946
33.2107, -0.0939
33.2109, -0.0931
33.211, -0.0924
33.211, -0.0917
33.2111, -0.0909
33.2717, -0.0902
33.2718, -0.0895
33.2718, -0.0887
33.2719, -0.088
33.272, -0.0873
33.272, -0.0865
33.2721, -0.0858
33.2722, -0.0851
33.2722, -0.0843
33.2723, -0.0836
33.2724, -0.0828
33.3329, -0.0821
33.333, -0.0814
33.3331, -0.0806
33.3331, -0.0799
33.3332, -0.0792
33.3333, -0.0784
33.3333, -0.0777
33.3334, -0.077
33.3335, -0.0762
33.3335, -0.0755
33.3336, -0.0748
33.3336, -0.074
33.3942, -0.0733
33.3942, -0.0725
33.3944, -0.0718
33.3945, -0.0711
33.3945, -0.0703
33.3946, -0.0695
33.3947, -0.0689
33.3947, -0.0681
33.3948, -0.0674
33.3949, -0.0667
33.3949, -0.0659
33.395, -0.0652
33.4556, -0.0645
33.4556, -0.0637
33.4557, -0.063
33.4558, -0.0622
33.4558, -0.0615
33.4559, -0.0608
33.456, -0.06
33.456, -0.0593
33.4561, -0.0586
33.4562, -0.0578
33.4562, -0.0571
33.4563, -0.0564
33.4564, -0.0556
33.4564, -0.0549
33.4565, -0.0542
33.5171, -0.0534
33.5171, -0.0527
33.5171, -0.052
33.5173, -0.0512
33.5173, -0.0505
33.5173, -0.0497
33.5175, -0.049
33.5175, -0.0483
33.5175, -0.0475
33.5177, -0.0468
33.5178, -0.0461
33.5178, -0.0453
33.5179, -0.0446
33.518, -0.0439
33.5785, -0.0431
33.5786, -0.0424
33.5787, -0.0417
33.5787, -0.0409
33.5788, -0.0402
33.5789, -0.0394
33.5789, -0.0387
33.579, -0.038
33.5791, -0.0372
33.5791, -0.0365
33.5792, -0.0358
33.5793, -0.035
33.5793, -0.0343
33.5794, -0.0336
33.64, -0.0328
33.6401, -0.0321
33.6401, -0.0314
33.6402, -0.0306
33.6402, -0.0299
33.6402, -0.0292
33.6404, -0.0284
33.6404, -0.0277
33.6404, -0.0269
33.6406, -0.0262
33.6407, -0.0255
33.6407, -0.0247
33.6408, -0.024
33.6409, -0.0233
33.6409, -0.0225
33.641, -0.0218
33.7016, -0.0211
33.7016, -0.0203
33.7017, -0.0196
33.7018, -0.0189
33.7018, -0.0181
33.7019, -0.0174
33.702, -0.0166
33.702, -0.0159
33.7021, -0.0152
33.7022, -0.0144
33.7022, -0.0137
33.7023, -0.013
33.7024, -0.0122
33.7024, -0.0115
33.7025, -0.0108
33.7026, -0.01
33.7631, -9.2916e-3
33.7631, -8.5563e-3
33.7633, -7.821e-3
33.7633, -7.0857e-3
33.7633, -6.3504e-3
33.7635, -5.6151e-3
33.7635, -4.8798e-3
33.7635, -4.1445e-3
33.7637, -3.4092e-3
33.7638, -2.6739e-3
33.7638, -1.9386e-3
33.7639, -1.2033e-3
33.764, -4.6803e-4
33.764, 2.6727e-4
33.7641, 1.0026e-3
33.7642, 1.7379e-3
33.7642, 2.4732e-3
33.7643, 3.2085e-3
33.8249, 3.9469e-3
33.8249, 4.6822e-3
33.825, 5.4175e-3
33.8251, 6.1528e-3
33.8251, 6.8881e-3
33.8252, 7.6234e-3
33.8253, 8.3587e-3
33.8253, 9.094e-3
33.8254, 9.8292e-3
33.8255, 0.0106
33.8255, 0.0113
33.8256, 0.012
33.8862, 0.0128
33.8862, 0.0135
33.8862, 0.0142
33.8864, 0.015
33.8864, 0.0157
33.8864, 0.0165
33.8866, 0.0172
33.8866, 0.0179
33.8867, 0.0187
33.8868, 0.0194
33.8868, 0.0201
33.8869, 0.0209
33.887, 0.0216
33.887, 0.0223
33.8871, 0.0231
33.8872, 0.0238
33.8873, 0.0245
33.8873, 0.0253
33.9479, 0.026
33.948, 0.0267
33.948, 0.0275
33.9481, 0.0282
33.9482, 0.029
33.9482, 0.0297
33.9483, 0.0304
33.9484, 0.0312
33.9484, 0.0319
33.9485, 0.0326
33.9485, 0.0334
33.9485, 0.0341
33.9487, 0.0348
33.9487, 0.0356
33.9487, 0.0363
33.9489, 0.037
33.9489, 0.0378
34.0095, 0.0385
34.0096, 0.0393
34.0097, 0.04
34.0097, 0.0407
34.0098, 0.0415
34.0099, 0.0422
34.0099, 0.0429
34.01, 0.0437
34.0101, 0.0444
34.0101, 0.0451
34.0102, 0.0459
34.0103, 0.0466
34.0103, 0.0473
34.0104, 0.0481
34.0105, 0.0488
34.0711, 0.0495
34.0711, 0.0503
34.0712, 0.051
34.0713, 0.0518
34.0713, 0.0525
34.0714, 0.0532
34.0715, 0.054
34.0715, 0.0547
34.0716, 0.0554
34.0717, 0.0562
34.0717, 0.0569
34.0718, 0.0576
34.0719, 0.0584
34.0719, 0.0591
34.1325, 0.0598
34.1326, 0.0606
34.1326, 0.0613
34.1327, 0.0621
34.1328, 0.0628
34.1328, 0.0635
34.1329, 0.0643
34.133, 0.065
34.133, 0.0657
34.1331, 0.0665
34.1332, 0.0672
34.1332, 0.0679
34.1333, 0.0687
34.1334, 0.0694
34.1334, 0.0701
34.1335, 0.0709
34.1941, 0.0716
34.1942, 0.0723
34.1942, 0.0731
34.1943, 0.0738
34.1944, 0.0746
34.1944, 0.0753
34.1945, 0.076
34.1945, 0.0768
34.1945, 0.0775
34.1947, 0.0782
34.1948, 0.079
34.1948, 0.0796
34.1949, 0.0804
34.195, 0.0812
34.195, 0.0819
34.2556, 0.0826
34.2557, 0.0834
34.2557, 0.0841
34.2558, 0.0849
34.2559, 0.0856
34.2559, 0.0863
34.256, 0.0871
34.2561, 0.0878
34.2561, 0.0885
34.2562, 0.0893
34.2563, 0.09
34.2563, 0.0907
34.2564, 0.0915
34.2565, 0.0922
34.2565, 0.0929
34.3171, 0.0937
34.3172, 0.0944
34.3173, 0.0951
34.3173, 0.0959
34.3174, 0.0966
34.3175, 0.0974
34.3175, 0.0981
34.3176, 0.0988
34.3176, 0.0996
34.3176, 0.1003
34.3178, 0.101
34.3179, 0.1018
34.3179, 0.1025
34.318, 0.1032
34.3181, 0.104
34.3786, 0.1047
34.3787, 0.1054
34.3788, 0.1062
34.3788, 0.1069
34.3789, 0.1077
34.379, 0.1084
34.379, 0.1091
34.3791, 0.1099
34.3792, 0.1106
34.3792, 0.1113
34.3793, 0.1121
34.3794, 0.1128
34.3794, 0.1135
34.3795, 0.1143
34.4401, 0.115
34.4402, 0.1157
34.4402, 0.1165
34.4403, 0.1172
34.4404, 0.1179
34.4404, 0.1187
34.4405, 0.1194
34.4405, 0.1202
34.4405, 0.1209
34.4407, 0.1216
34.4408, 0.1224
34.4408, 0.1231
34.4409, 0.1238
34.5015, 0.1246
34.5015, 0.1253
34.5016, 0.126
34.5017, 0.1268
34.5017, 0.1275
34.5018, 0.1282
34.5019, 0.129
34.5019, 0.1297
34.502, 0.1305
34.5021, 0.1312
34.5021, 0.1319
34.5022, 0.1327
34.5023, 0.1334
34.5629, 0.1341
34.5629, 0.1349
34.563, 0.1356
34.5631, 0.1363
34.5631, 0.1371
34.5632, 0.1378
34.5633, 0.1385
34.5633, 0.1393
34.5634, 0.14
34.5635, 0.1407
34.5635, 0.1415
34.5636, 0.1421
34.6242, 0.143
34.6242, 0.1437
34.6242, 0.1444
34.6244, 0.1452
34.6244, 0.1459
34.6245, 0.1466
34.6246, 0.1474
34.6246, 0.1481
34.6247, 0.1488
34.6248, 0.1496
34.6248, 0.1503
34.6854, 0.151
34.6855, 0.1518
34.6856, 0.1525
34.6856, 0.1533
34.6857, 0.154
34.6858, 0.1547
34.6858, 0.1555
34.6859, 0.1562
34.686, 0.1569
34.686, 0.1577
34.6861, 0.1584
34.7467, 0.1591
34.7467, 0.1599
34.7468, 0.1606
34.7469, 0.1613
34.7469, 0.1621
34.7469, 0.1628
34.7471, 0.1636
34.8077, 0.1643
34.8077, 0.165
34.8077, 0.1658
34.8079, 0.1665
34.8079, 0.1672
34.808, 0.168
34.8081, 0.1687
34.8081, 0.1694
34.8687, 0.1702
34.8688, 0.1709
34.8688, 0.1716
34.8689, 0.1724
34.869, 0.1731
34.869, 0.1739
34.8691, 0.1746
34.8692, 0.1753
34.8692, 0.1761
34.9298, 0.1768
34.9299, 0.1775
34.9299, 0.1783
34.93, 0.179
34.9301, 0.1797
34.9301, 0.1804
34.9302, 0.1812
34.9303, 0.1819
34.9909, 0.1827
34.9909, 0.1834
34.991, 0.1842
34.991, 0.1849
34.991, 0.1856
34.9912, 0.1864
35.0518, 0.1871
35.0518, 0.1878
35.0519, 0.1886
35.052, 0.1893
35.052, 0.19
35.0521, 0.1908
35.1127, 0.1915
35.1128, 0.1922
35.1128, 0.193
35.1129, 0.1937
35.113, 0.1945
35.113, 0.1952
35.1736, 0.1959
35.1737, 0.1967
35.1737, 0.1974
35.1738, 0.1981
35.1739, 0.1989
35.2345, 0.1996
35.2345, 0.2003
35.2346, 0.2011
35.2952, 0.2018
35.2952, 0.2026
35.2953, 0.2033
35.2953, 0.204
35.3559, 0.2048
35.3559, 0.2055
35.3561, 0.2062
35.4167, 0.207
35.4167, 0.2077
35.4773, 0.2084
35.4774, 0.2092
35.5379, 0.2092
35.538, 0.2099
35.5985, 0.2107
35.6591, 0.2114
35.7197, 0.2121
35.7802, 0.2121
35.7803, 0.2129
35.8408, 0.2129
35.9013, 0.2129
35.9618, 0.2121
36.0223, 0.2121
36.0827, 0.2114
36.1432, 0.2107
36.2036, 0.21
36.2641, 0.2092
36.3245, 0.2085
36.385, 0.2078
36.4454, 0.207
36.4454, 0.2063
36.5059, 0.2063
36.5058, 0.2056
36.5057, 0.2048
36.5662, 0.2041
36.5661, 0.2034
36.6266, 0.2026
36.687, 0.2019
36.6869, 0.2012
36.7473, 0.2004
36.8077, 0.1997
36.8077, 0.199
36.8683, 0.199
36.8681, 0.1982
36.9287, 0.1975
36.9285, 0.1968
36.9891, 0.1968
36.9889, 0.196
37.0495, 0.1953
37.0493, 0.1945
37.1099, 0.1945
37.1099, 0.1938
37.1703, 0.1931
37.1703, 0.1924
37.2308, 0.1924
37.2307, 0.1916
37.2912, 0.1909
37.3516, 0.1902
37.4121, 0.1894
37.412, 0.1887
37.4725, 0.1887
37.4724, 0.188
37.5329, 0.1872
37.5328, 0.1865
37.5933, 0.1865
37.5933, 0.1858
37.6537, 0.185
37.6536, 0.1843
37.7142, 0.1843
37.7141, 0.1836
37.7745, 0.1828
37.7745, 0.1821
37.835, 0.1821
37.8349, 0.1814
37.8954, 0.1806
37.9558, 0.1799
38.0163, 0.1792
38.0162, 0.1784
38.0767, 0.1784
38.0766, 0.1777
38.1371, 0.177
38.137, 0.1762
38.1975, 0.1762
38.1975, 0.1755
38.1974, 0.1748
38.2579, 0.174
38.2578, 0.1733
38.3182, 0.1726
38.3182, 0.1718
38.3787, 0.1718
38.3786, 0.1711
38.3785, 0.1703
38.439, 0.1696
38.4389, 0.1689
38.4389, 0.1682
38.4993, 0.1674
38.4992, 0.1667
38.5596, 0.166
38.5596, 0.1652
38.62, 0.1652
38.62, 0.1645
38.62, 0.1638
38.6199, 0.163
38.6199, 0.1623
38.6198, 0.1615
38.6803, 0.1608
38.6802, 0.1601
38.6801, 0.1593
38.7406, 0.1586
38.7405, 0.1579
38.7404, 0.1571
38.7404, 0.1564
38.8008, 0.1557
38.8008, 0.1549
38.8007, 0.1542
38.8611, 0.1535
38.8611, 0.1527
38.861, 0.152
38.8609, 0.1513
38.8609, 0.1505
38.8608, 0.1498
38.9212, 0.1491
38.9212, 0.1482
38.9211, 0.1476
38.921, 0.1469
38.9815, 0.1461
38.9814, 0.1454
38.9814, 0.1447
38.9813, 0.1439
38.9811, 0.1432
38.9811, 0.1424
39.0416, 0.1417
39.0415, 0.141
39.0415, 0.1402
39.0414, 0.1395
39.0413, 0.1388
39.1018, 0.138
39.1017, 0.1373
39.1017, 0.1366
39.1016, 0.1358
39.1015, 0.1351
39.1015, 0.1344
39.1014, 0.1336
39.1618, 0.1329
39.1618, 0.1322
39.1617, 0.1314
39.1616, 0.1307
39.1616, 0.13
39.1615, 0.1292
39.1614, 0.1285
39.2219, 0.1278
39.2218, 0.127
39.2218, 0.1263
39.2217, 0.1255
39.2216, 0.1248
39.2216, 0.1241
39.2215, 0.1233
39.2214, 0.1226
39.2819, 0.1219
39.2818, 0.1211
39.2817, 0.1204
39.2817, 0.1197
39.2816, 0.1189
39.2814, 0.1182
39.342, 0.1175
39.3418, 0.1167
39.3418, 0.116
39.3418, 0.1153
39.3417, 0.1145
39.3416, 0.1138
39.3416, 0.1131
39.3415, 0.1123
39.402, 0.1116
39.4019, 0.1109
39.4018, 0.1101
39.4018, 0.1094
39.4017, 0.1086
39.4016, 0.1078
39.4016, 0.1072
39.4015, 0.1064
39.4014, 0.1057
39.4619, 0.105
39.4618, 0.1042
39.4617, 0.1035
39.4617, 0.1028
39.4616, 0.102
39.4615, 0.1013
39.4615, 0.1006
39.4614, 0.0998
39.4613, 0.0991
39.4613, 0.0984
39.5217, 0.0976
39.5217, 0.0969
39.5215, 0.0962
39.5215, 0.0954
39.5215, 0.0947
39.5213, 0.0939
39.5213, 0.0932
39.5213, 0.0925
39.5211, 0.0917
39.5211, 0.091
39.5211, 0.0903
39.5815, 0.0895
39.5814, 0.0888
39.5814, 0.0881
39.5813, 0.0873
39.5812, 0.0866
39.5812, 0.0859
39.5811, 0.0851
39.581, 0.0844
39.581, 0.0836
39.5809, 0.0829
39.5808, 0.0822
39.5808, 0.0814
39.6412, 0.0807
39.6411, 0.08
39.6411, 0.0792
39.641, 0.0785
39.6409, 0.0778
39.6409, 0.077
39.6408, 0.0763
39.6407, 0.0756
39.6407, 0.0748
39.6406, 0.0741
39.6404, 0.0734
39.701, 0.0726
39.7008, 0.0719
39.7008, 0.0712
39.7008, 0.0704
39.7006, 0.0697
39.7006, 0.069
39.7006, 0.0682
39.7005, 0.0675
39.7005, 0.0667
39.7004, 0.066
39.7003, 0.0653
39.7003, 0.0645
39.7002, 0.0638
39.7001, 0.0631
39.7606, 0.0623
39.7605, 0.0616
39.7604, 0.0609
39.7604, 0.0601
39.7603, 0.0594
39.7602, 0.0587
39.7602, 0.0579
39.7601, 0.0572
39.76, 0.0565
39.76, 0.0557
39.7599, 0.055
39.7598, 0.0543
39.7598, 0.0535
39.8202, 0.0528
39.8202, 0.052
39.8201, 0.0513
39.8199, 0.0506
39.8199, 0.0498
39.8199, 0.0491
39.8197, 0.0484
39.8197, 0.0476
39.8197, 0.0469
39.8195, 0.0462
39.8195, 0.0454
39.8195, 0.0447
39.8194, 0.044
39.8799, 0.0432
39.8798, 0.0425
39.8797, 0.0418
39.8797, 0.041
39.8796, 0.0403
39.8795, 0.0396
39.8795, 0.0388
39.8794, 0.0381
39.8793, 0.0373
39.8793, 0.0366
39.8792, 0.0359
39.8791, 0.0351
39.8791, 0.0344
39.879, 0.0337
39.8789, 0.0329
39.9394, 0.0322
39.9393, 0.0315
39.9392, 0.0307
39.9392, 0.03
39.9391, 0.0293
39.939, 0.0285
39.939, 0.0278
39.9388, 0.0271
39.9388, 0.0263
39.9388, 0.0256
39.9386, 0.0248
39.9386, 0.0241
39.9386, 0.0234
39.9385, 0.0226
39.999, 0.0219
39.9989, 0.0212
39.9988, 0.0204
39.9988, 0.0197
39.9987, 0.019
39.9986, 0.0182
39.9986, 0.0175
39.9985, 0.0168
39.9984, 0.016
39.9984, 0.0153
39.9983, 0.0146
39.9982, 0.0138
39.9982, 0.0131
40.0586, 0.0124
40.0585, 0.0116
40.0585, 0.0109
40.0584, 0.0102
40.0583, 9.4148e-3
40.0583, 8.6795e-3
40.0582, 7.9442e-3
40.0581, 7.2089e-3
40.0581, 6.4736e-3
40.058, 5.7383e-3
40.0579, 5.003e-3
40.0579, 4.2677e-3
40.0578, 3.5324e-3
40.0577, 2.7971e-3
40.0577, 2.0618e-3
40.1181, 1.3296e-3
40.1181, 5.9431e-4
40.1179, -1.4099e-4
40.1179, -8.7628e-4
40.1179, -1.6116e-3
40.1178, -2.3469e-3
40.1177, -3.0822e-3
40.1177, -3.8175e-3
40.1176, -4.5528e-3
40.1175, -5.2881e-3
40.1175, -6.0234e-3
40.1174, -6.7587e-3
40.1173, -7.494e-3
40.1173, -8.2293e-3
40.1172, -8.9646e-3
40.1171, -9.6999e-3
40.1171, -0.0104
40.117, -0.0112
40.1169, -0.0119
40.1774, -0.0126
40.1773, -0.0134
40.1772, -0.0141
40.1772, -0.0148
40.1771, -0.0156
40.177, -0.0163
40.177, -0.017
40.1769, -0.0178
40.1768, -0.0185
40.1768, -0.0193
40.1767, -0.02
40.1766, -0.0207
40.1766, -0.0215
40.1764, -0.0222
40.1764, -0.0229
40.1764, -0.0237
40.2368, -0.0244
40.2368, -0.0251
40.2367, -0.0259
40.2366, -0.0266
40.2366, -0.0273
40.2365, -0.0281
40.2364, -0.0288
40.2363, -0.0295
40.2363, -0.0303
40.2362, -0.031
40.2361, -0.0318
40.2361, -0.0325
40.236, -0.0332
40.2359, -0.034
40.2964, -0.0347
40.2963, -0.0354
40.2963, -0.0362
40.2962, -0.0369
40.2961, -0.0376
40.2961, -0.0384
40.296, -0.0391
40.2959, -0.0398
40.2959, -0.0406
40.2958, -0.0413
40.2957, -0.042
40.2957, -0.0428
40.2955, -0.0435
40.2955, -0.0442
40.2955, -0.045
40.3559, -0.0457
40.3558, -0.0465
40.3558, -0.0472
40.3557, -0.0479
40.3556, -0.0487
40.3556, -0.0493
40.3555, -0.0501
40.3554, -0.0509
40.3554, -0.0516
40.3553, -0.0523
40.3552, -0.0531
40.3552, -0.0538
40.3551, -0.0545
40.355, -0.0553
40.355, -0.056
40.3549, -0.0567
40.3548, -0.0575
40.4153, -0.0582
40.4152, -0.0589
40.4152, -0.0597
40.4151, -0.0604
40.415, -0.0612
40.415, -0.0619
40.4149, -0.0626
40.4148, -0.0634
40.4148, -0.0641
40.4147, -0.0648
40.4146, -0.0656
40.4146, -0.0663
40.4144, -0.067
40.4144, -0.0678
40.4144, -0.0685
40.4143, -0.0692
40.4142, -0.07
40.4747, -0.0707
40.4746, -0.0714
40.4745, -0.0722
40.4745, -0.0729
40.4744, -0.0737
40.4743, -0.0744
40.4743, -0.0751
40.4742, -0.0759
40.4741, -0.0766
40.4741, -0.0773
40.474, -0.0781
40.4739, -0.0788
40.4739, -0.0795
40.4738, -0.0803
40.4737, -0.081
40.5342, -0.0817
40.5341, -0.0825
40.5341, -0.0832
40.534, -0.0839
40.5339, -0.0847
40.5339, -0.0854
40.5338, -0.0861
40.5337, -0.0869
40.5337, -0.0876
40.5335, -0.0884
40.5335, -0.0891
40.5335, -0.0898
40.5333, -0.0906
40.5333, -0.0913
40.5332, -0.092
40.5332, -0.0928
40.5331, -0.0935
40.5936, -0.0942
40.5935, -0.095
40.5934, -0.0957
40.5934, -0.0964
40.5933, -0.0972
40.5932, -0.0979
40.5932, -0.0986
40.5931, -0.0994
40.593, -0.1001
40.593, -0.1009
40.5929, -0.1016
40.5928, -0.1023
40.5928, -0.1031
40.5927, -0.1038
40.5926, -0.1045
40.6531, -0.1053
40.653, -0.106
40.6529, -0.1067
40.6529, -0.1075
40.6528, -0.1082
40.6526, -0.1089
40.6526, -0.1097
40.6526, -0.1104
40.6524, -0.1111
40.6524, -0.1118
40.6524, -0.1126
40.6522, -0.1133
40.6522, -0.1141
40.6522, -0.1148
40.7127, -0.1156
40.7126, -0.1163
40.7125, -0.117
40.7125, -0.1178
40.7124, -0.1185
40.7123, -0.1192
40.7123, -0.12
40.7122, -0.1207
40.7121, -0.1214
40.7121, -0.1222
40.712, -0.1229
40.7119, -0.1236
40.7119, -0.1244
40.7118, -0.1251
40.7117, -0.1258
40.7722, -0.1266
40.7721, -0.1273
40.772, -0.128
40.772, -0.1288
40.7719, -0.1295
40.7718, -0.1303
40.7718, -0.131
40.7717, -0.1317
40.7715, -0.1325
40.7715, -0.1332
40.7715, -0.1339
40.7713, -0.1347
40.7713, -0.1354
40.7713, -0.136
40.8317, -0.1369
40.8317, -0.1376
40.8316, -0.1383
40.8316, -0.1391
40.8315, -0.1398
40.8314, -0.1405
40.8314, -0.1413
40.8313, -0.142
40.8312, -0.1428
40.8312, -0.1435
40.8311, -0.1442
40.831, -0.145
40.8915, -0.1457
40.8914, -0.1464
40.8913, -0.1472
40.8913, -0.1479
40.8912, -0.1486
40.8911, -0.1494
40.8911, -0.1501
40.891, -0.1508
40.8909, -0.1516
40.8909, -0.1522
40.8908, -0.153
40.9512, -0.1538
40.9512, -0.1545
40.951, -0.1552
40.951, -0.156
40.951, -0.1567
40.9508, -0.1575
40.9508, -0.1582
40.9508, -0.1589
40.9506, -0.1597
40.9506, -0.1604
41.0111, -0.1611
41.011, -0.1619
41.011, -0.1626
41.0109, -0.1633
41.0108, -0.1641
41.0108, -0.1648
41.0107, -0.1655
41.0106, -0.1663
41.0106, -0.167
41.0105, -0.1677
41.0104, -0.1685
41.0709, -0.1692
41.0708, -0.1699
41.0707, -0.1707
41.0707, -0.1714
41.0706, -0.1722
41.0705, -0.1729
41.0705, -0.1736
41.0704, -0.1743
41.1309, -0.1751
41.1308, -0.1758
41.1307, -0.1766
41.1307, -0.1773
41.1306, -0.178
41.1305, -0.1788
41.1305, -0.1795
41.1304, -0.1802
41.1303, -0.181
41.1908, -0.1817
41.1907, -0.1824
41.1905, -0.1832
41.1905, -0.1839
41.1905, -0.1846
41.1904, -0.1854
41.2509, -0.1861
41.2508, -0.1868
41.2507, -0.1876
41.2507, -0.1883
41.2506, -0.1891
41.2505, -0.1898
41.311, -0.1905
41.3109, -0.1913
41.3109, -0.192
41.3108, -0.1927
41.3107, -0.1935
41.3712, -0.1942
41.3711, -0.1949
41.371, -0.1957
41.4315, -0.1964
41.4314, -0.1971
41.4314, -0.1979
41.4313, -0.1985
41.4917, -0.1993
41.4917, -0.2001
41.4916, -0.2008
41.5521, -0.2015
41.552, -0.2023
41.6124, -0.203
41.6729, -0.2037
41.7332, -0.2045
41.7332, -0.2052
41.7938, -0.2052
41.7936, -0.2059
41.8542, -0.2059
41.9146, -0.2067
41.9752, -0.2067
42.0357, -0.2067
42.0963, -0.2059
42.1569, -0.2052
42.2174, -0.2044
42.278, -0.2037
42.3385, -0.2037
42.3386, -0.203
42.3991, -0.203
42.4597, -0.2022
42.4598, -0.2015
42.5203, -0.2015
42.5204, -0.2008
42.5809, -0.2
42.6415, -0.1993
42.7021, -0.1985
42.7022, -0.1978
42.7627, -0.1978
42.7627, -0.1971
42.8233, -0.1963
42.8234, -0.1956
42.8839, -0.1956
42.884, -0.1949
42.9445, -0.1941
42.9445, -0.1934
43.0051, -0.1934
43.0052, -0.1926
43.0658, -0.1919
43.0659, -0.1912
43.1264, -0.1912
43.1264, -0.1904
43.187, -0.1897
43.1871, -0.189
43.2476, -0.189
43.2477, -0.1882
43.3082, -0.1875
43.3688, -0.1867
43.4294, -0.186
43.4295, -0.1853
43.49, -0.1853
43.4901, -0.1844
43.5506, -0.1838
43.5507, -0.1831
43.6112, -0.183
43.6113, -0.1823
43.6719, -0.1816
43.6719, -0.1808
43.7325, -0.1808
43.7325, -0.1801
43.7931, -0.1794
43.7932, -0.1786
43.8537, -0.1786
43.8537, -0.1779
43.9143, -0.1772
43.9748, -0.1764
43.975, -0.1757
44.0356, -0.1749
44.0356, -0.1742
44.0962, -0.1735
44.1568, -0.1727
44.2174, -0.172
44.2174, -0.1713
44.278, -0.1713
44.278, -0.1705
44.3386, -0.1698
44.3387, -0.169
44.3992, -0.169
44.3992, -0.1683
44.3993, -0.1676
44.4599, -0.1668
44.46, -0.1661
44.5205, -0.1654
44.5206, -0.1646
44.5811, -0.1646
44.5812, -0.1639
44.5813, -0.1631
44.6418, -0.1623
44.6419, -0.1617
44.642, -0.1609
44.7026, -0.1602
44.7026, -0.1595
44.7631, -0.1587
44.7633, -0.158
44.8237, -0.158
44.8239, -0.1573
44.8239, -0.1565
44.8845, -0.1558
44.8846, -0.155
44.8846, -0.1543
44.8847, -0.1536
44.9453, -0.1528
44.9453, -0.1521
44.9454, -0.1514
45.006, -0.1506
45.0061, -0.1499
45.0061, -0.1492
45.0062, -0.1484
45.0668, -0.1477
45.0668, -0.1469
45.0669, -0.1461
45.067, -0.1455
45.1276, -0.1447
45.1276, -0.144
45.1277, -0.1433
45.1278, -0.1425
45.1278, -0.1418
45.1279, -0.1411
45.1885, -0.1403
45.1885, -0.1396
45.1886, -0.1389
45.2492, -0.1381
45.2493, -0.1374
45.2493, -0.1366
45.2494, -0.1359
45.2495, -0.1352
45.2495, -0.1344
45.3101, -0.1337
45.3102, -0.133
45.3102, -0.1322
45.3103, -0.1315
45.3104, -0.1308
45.3104, -0.13
45.371, -0.1293
45.3711, -0.1285
45.3712, -0.1278
45.3712, -0.1271
45.3713, -0.1263
45.3714, -0.1256
45.4319, -0.1249
45.432, -0.1241
45.4321, -0.1234
45.4321, -0.1227
45.4322, -0.1219
45.4323, -0.1212
45.4928, -0.1205
45.4929, -0.1197
45.4929, -0.119
45.4929, -0.1182
45.4931, -0.1175
45.4932, -0.1168
45.5537, -0.116
45.5537, -0.1153
45.5539, -0.1146
45.554, -0.1138
45.554, -0.1131
45.5541, -0.1124
45.5542, -0.1116
45.5542, -0.1109
45.6148, -0.1102
45.6149, -0.1094
45.6149, -0.1087
45.615, -0.1078
45.6151, -0.1072
45.6151, -0.1065
45.6152, -0.1057
45.6153, -0.105
45.6759, -0.1043
45.6759, -0.1035
45.676, -0.1028
45.6761, -0.1021
45.6761, -0.1013
45.6762, -0.1006
45.6763, -0.0999
45.6763, -0.0991
45.6764, -0.0984
45.6764, -0.0976
45.737, -0.0969
45.737, -0.0962
45.7372, -0.0954
45.7372, -0.0947
45.7372, -0.094
45.7374, -0.0932
45.7374, -0.0925
45.7375, -0.0918
45.7376, -0.091
45.7376, -0.0903
45.7982, -0.0896
45.7983, -0.0888
45.7984, -0.0881
45.7984, -0.0873
45.7985, -0.0866
45.7986, -0.0859
45.7986, -0.0851
45.7987, -0.0844
45.7988, -0.0836
45.7988, -0.0829
45.8594, -0.0822
45.8595, -0.0815
45.8595, -0.0807
45.8596, -0.08
45.8597, -0.0793
45.8597, -0.0785
45.8598, -0.0778
45.8599, -0.0771
45.8599, -0.0763
45.8599, -0.0756
45.8601, -0.0748
45.9207, -0.0741
45.9207, -0.0734
45.9207, -0.0726
45.9209, -0.0719
45.9209, -0.0712
45.921, -0.0704
45.9211, -0.0697
45.9211, -0.069
45.9212, -0.0682
45.9213, -0.0675
45.9213, -0.0668
45.9214, -0.066
45.9215, -0.0653
45.982, -0.0645
45.9821, -0.0638
45.9822, -0.0631
45.9822, -0.0623
45.9823, -0.0616
45.9824, -0.0609
45.9824, -0.0601
45.9825, -0.0594
45.9826, -0.0587
45.9826, -0.0579
45.9827, -0.0572
45.9828, -0.0565
46.0434, -0.0557
46.0434, -0.055
46.0435, -0.0542
46.0436, -0.0535
46.0436, -0.0528
46.0437, -0.052
46.0438, -0.0513
46.0438, -0.0506
46.0439, -0.0498
46.044, -0.0491
46.044, -0.0484
46.0441, -0.0476
46.1047, -0.0469
46.1047, -0.0462
46.1048, -0.0454
46.1049, -0.0447
46.1049, -0.044
46.105, -0.0432
46.1051, -0.0425
46.1051, -0.0417
46.1052, -0.041
46.1053, -0.0403
46.1053, -0.0395
46.1054, -0.0388
46.1055, -0.0381
46.1661, -0.0373
46.1661, -0.0366
46.1662, -0.0359
46.1663, -0.0351
46.1663, -0.0344
46.1663, -0.0337
46.1665, -0.0329
46.1665, -0.0322
46.1666, -0.0314
46.1667, -0.0307
46.1667, -0.03
46.1668, -0.0292
46.1669, -0.0285
46.2274, -0.0278
46.2275, -0.027
46.2276, -0.0263
46.2276, -0.0256
46.2277, -0.0248
46.2278, -0.0241
46.2278, -0.0234
46.2279, -0.0226
46.228, -0.0219
46.228, -0.0212
46.2281, -0.0204
46.2282, -0.0197
46.2282, -0.0189
46.2888, -0.0182
46.2889, -0.0175
46.2889, -0.0167
46.289, -0.016
46.2891, -0.0153
46.2892, -0.0145
46.2892, -0.0138
46.2893, -0.0131
46.2894, -0.0123
46.2894, -0.0116
46.2894, -0.0109
46.2896, -0.0101
46.2896, -9.3822e-3
46.2897, -8.6469e-3
46.2898, -7.9116e-3
46.3503, -7.1731e-3
46.3504, -6.4378e-3
46.3505, -5.7025e-3
46.3505, -4.9673e-3
46.3506, -4.232e-3
46.3507, -3.4967e-3
46.3507, -2.7614e-3
46.3508, -2.0261e-3
46.3509, -1.2908e-3
46.3509, -5.5547e-4
46.351, 1.7983e-4
46.3511, 9.1513e-4
46.3511, 1.6504e-3
46.3512, 2.3857e-3
46.4118, 3.1241e-3
46.4118, 3.8594e-3
46.4119, 4.5947e-3
46.412, 5.33e-3
46.412, 6.0653e-3
46.4121, 6.8006e-3
46.4122, 7.5359e-3
46.4122, 8.2712e-3
46.4123, 9.0065e-3
46.4123, 9.7418e-3
46.4123, 0.0105
46.4125, 0.0112
46.4126, 0.0119
46.4126, 0.0127
46.4127, 0.0134
46.4128, 0.0142
46.4128, 0.0149
46.4734, 0.0156
46.4735, 0.0164
46.4736, 0.0171
46.4736, 0.0178
46.4737, 0.0186
46.4738, 0.0193
46.4738, 0.02
46.4739, 0.0208
46.474, 0.0215
46.474, 0.0222
46.4741, 0.023
46.4742, 0.0237
46.4742, 0.0245
46.4743, 0.0252
46.4744, 0.0259
46.4744, 0.0267
46.535, 0.0274
46.5351, 0.0281
46.5351, 0.0289
46.5352, 0.0296
46.5352, 0.0303
46.5352, 0.0311
46.5354, 0.0318
46.5354, 0.0325
46.5354, 0.0333
46.5356, 0.034
46.5356, 0.0347
46.5356, 0.0355
46.5358, 0.0362
46.5359, 0.037
46.5359, 0.0377
46.5965, 0.0384
46.5966, 0.0392
46.5967, 0.0399
46.5967, 0.0406
46.5968, 0.0414
46.5969, 0.0421
46.5969, 0.0428
46.597, 0.0436
46.5971, 0.0443
46.5971, 0.045
46.5972, 0.0458
46.5973, 0.0465
46.5973, 0.0473
46.5974, 0.048
46.5975, 0.0487
46.5975, 0.0495
46.6581, 0.0502
46.6582, 0.0509
46.6582, 0.0517
46.6583, 0.0524
46.6583, 0.0531
46.6583, 0.0539
46.6585, 0.0546
46.6585, 0.0553
46.6585, 0.0561
46.6587, 0.0568
46.6588, 0.0575
46.6588, 0.0583
46.6589, 0.059
46.659, 0.0598
46.659, 0.0605
46.6591, 0.0612
46.7197, 0.062
46.7198, 0.0627
46.7198, 0.0634
46.7199, 0.0642
46.72, 0.0649
46.72, 0.0656
46.7201, 0.0664
46.7202, 0.0671
46.7202, 0.0678
46.7203, 0.0686
46.7204, 0.0693
46.7204, 0.0701
46.7205, 0.0708
46.7206, 0.0715
46.7206, 0.0723
46.7812, 0.073
46.7812, 0.0737
46.7812, 0.0745
46.7814, 0.0752
46.7814, 0.0759
46.7814, 0.0767
46.7816, 0.0774
46.7816, 0.0781
46.7816, 0.0789
46.7818, 0.0796
46.7819, 0.0803
46.7819, 0.0811
46.782, 0.0818
46.7821, 0.0826
46.7821, 0.0833
46.8427, 0.084
46.8428, 0.0848
46.8429, 0.0855
46.8429, 0.0862
46.843, 0.087
46.8431, 0.0877
46.8431, 0.0884
46.8432, 0.0892
46.8433, 0.0899
46.8433, 0.0906
46.8434, 0.0914
46.8435, 0.0921
46.8435, 0.0929
46.9041, 0.0936
46.9042, 0.0943
46.9042, 0.0951
46.9043, 0.0958
46.9043, 0.0965
46.9043, 0.0973
46.9045, 0.098
46.9045, 0.0987
46.9045, 0.0995
46.9047, 0.1002
46.9048, 0.1009
46.9048, 0.1017
46.9049, 0.1024
46.9655, 0.1032
46.9656, 0.1039
46.9656, 0.1046
46.9657, 0.1054
46.9658, 0.1061
46.9658, 0.1068
46.9659, 0.1076
46.966, 0.1083
46.966, 0.109
46.9661, 0.1098
46.9662, 0.1105
46.9662, 0.1112
46.9663, 0.112
46.9664, 0.1127
47.0269, 0.1134
47.027, 0.1142
47.0271, 0.1149
47.0271, 0.1157
47.0272, 0.1164
47.0273, 0.1171
47.0273, 0.1179
47.0274, 0.1186
47.0275, 0.1193
47.0275, 0.1201
47.0276, 0.1208
47.0277, 0.1215
47.0277, 0.1223
47.0883, 0.123
47.0884, 0.1237
47.0885, 0.1245
47.0885, 0.1252
47.0886, 0.126
47.0887, 0.1267
47.0887, 0.1274
47.0888, 0.1282
47.0889, 0.1289
47.0889, 0.1296
47.089, 0.1304
47.0891, 0.1311
47.0891, 0.1318
47.0892, 0.1326
47.1498, 0.1333
47.1498, 0.134
47.1499, 0.1348
47.15, 0.1355
47.15, 0.1363
47.1501, 0.137
47.1502, 0.1377
47.1502, 0.1385
47.1503, 0.1392
47.1504, 0.1399
47.211, 0.1407
47.211, 0.1414
47.2111, 0.1421
47.2112, 0.1429
47.2112, 0.1436
47.2113, 0.1443
47.2114, 0.1451
47.2114, 0.1458
47.2115, 0.1465
47.2721, 0.1473
47.2721, 0.148
47.2722, 0.1488
47.2723, 0.1495
47.2723, 0.1502
47.2724, 0.151
47.2725, 0.1517
47.2725, 0.1524
47.2726, 0.1532
47.2727, 0.1539
47.3333, 0.1546
47.3333, 0.1554
47.3334, 0.1561
47.3335, 0.1568
47.3335, 0.1576
47.3336, 0.1583
47.3336, 0.1591
47.3336, 0.1598
47.3338, 0.1605
47.3944, 0.1613
47.3944, 0.162
47.3945, 0.1627
47.3946, 0.1635
47.3946, 0.1642
47.3947, 0.1649
47.3948, 0.1657
47.3948, 0.1663
47.3949, 0.1671
47.4555, 0.1679
47.4555, 0.1686
47.4556, 0.1694
47.4557, 0.1701
47.4557, 0.1708
47.4558, 0.1716
47.4559, 0.1723
47.4559, 0.173
47.5165, 0.1738
47.5166, 0.1745
47.5167, 0.1752
47.5167, 0.176
47.5168, 0.1767
47.5169, 0.1774
47.5774, 0.1782
47.5775, 0.1789
47.5776, 0.1797
47.5776, 0.1804
47.5777, 0.1811
47.5777, 0.1819
47.6383, 0.1826
47.6383, 0.1833
47.6385, 0.1841
47.6385, 0.1848
47.6385, 0.1855
47.6387, 0.1863
47.6993, 0.187
47.6993, 0.1877
47.6994, 0.1885
47.6995, 0.1892
47.6995, 0.19
47.6996, 0.1907
47.7602, 0.1914
47.7603, 0.1922
47.7603, 0.1929
47.8209, 0.1936
47.821, 0.1944
47.821, 0.1951
47.8816, 0.1958
47.8817, 0.1966
47.8818, 0.1973
47.9423, 0.1981
47.9424, 0.1988
47.9425, 0.1995
48.003, 0.2003
48.0031, 0.201
48.0032, 0.2017
48.0638, 0.2025
48.0638, 0.2032
48.0639, 0.2039
48.1245, 0.2046
48.1245, 0.2054
48.1851, 0.2062
48.2457, 0.2069
48.3063, 0.2076
